"","W1","W2","W4","W6","W7","W9","W10","W33","W42","W43","W52","W54","W57","W60","W63","W68","W73","W83","W84","W85","W87","W93","W94","W95","W96","W97","W100","W101","W104","W107","W108","W109","W111","W112","W114","W120","W121","W122","W123","W126","W127","W139","W140","W144","W150","W152","W153","W154","W164","W170","W181","W185","W187","W188","W189","W197","W221","W227","W228","W247","W251","W262","W265","W269","W280","W282","W318"
"W1",0,0.520110763416563,0.463035244795025,0.789175668672642,0.468225430678339,0.298506406449971,0.312829777434934,0.740052728925693,0.584618770628225,0.552686657227148,0.612694405117081,0.515895551580317,0.707656662567307,0.406281592851091,0.447071824840665,0.451082244515589,0.616254361870278,0.635822692348626,0.748461713425185,0.65591935787247,0.709118552194713,0.517460018310039,0.560716248833189,0.766009463377069,0.538240842191694,0.626863039027269,0.520846096724303,0.496016541832759,0.492233644835289,0.73056389404625,0.641317193597304,0.704978656653971,0.65625067849555,0.474241017753377,0.619721790195373,0.770532533794762,0.604198728712163,0.622135505281529,0.678889401298056,0.643580404626628,0.577411424921107,0.684043482130753,0.481294019880751,0.661526360432137,0.541365013552081,0.424007162863886,0.602092332832675,0.447912122415396,0.638063686988598,0.603112817760236,0.470023382864959,0.482861883203082,0.535762324354607,0.541358505213738,0.655527823051655,0.517488011899039,0.686818507921299,0.586317984327045,0.570008369632968,0.883507645935524,0.88602484714114,0.473968936128023,0.624260199381936,0.7206089913723,0.568077118400445,0.489432863934287,0.516298955602743
"W2",0.520110763416563,0,0.553632581780611,0.85184150551421,0.462115512468162,0.571673104760197,0.499832475534966,0.78204925006687,0.693431332447974,0.523932086809078,0.593052416403,0.650925697614873,0.740542536567531,0.587253164441571,0.598296510168317,0.575278390530744,0.733864109753086,0.677527547852628,0.783902108551028,0.661769497188534,0.75826262209397,0.539559161422608,0.577356548533633,0.852313497875452,0.680589911024099,0.670273138533797,0.566882985767064,0.586335075359729,0.614813090003327,0.755012244228755,0.73355439144076,0.758950585304144,0.755349217033137,0.611377397630071,0.725060786098782,0.783748694944432,0.582723299418208,0.687760918577567,0.725049306032442,0.678802352514326,0.494806580521799,0.763612298418336,0.630518042000511,0.750129698066784,0.621533555216985,0.611781717059235,0.668172634495944,0.549457983886472,0.749912887767746,0.668230179596237,0.555658695461292,0.627748590943728,0.659243987123272,0.57142180628851,0.683415957282275,0.541385342089747,0.717833484040636,0.639025177748182,0.526504692192625,0.904243768071608,0.777637371760498,0.585953540413484,0.615397647194951,0.8237299706576,0.685301004392942,0.463640360726733,0.502547509017824
"W4",0.463035244795025,0.553632581780611,0,0.796223833683397,0.384352450237323,0.452490997144586,0.439047482575759,0.721076980087637,0.677222876788228,0.689639943564114,0.685775533896006,0.643708062058073,0.750763864680921,0.444740479999771,0.650157043110783,0.471522351446912,0.702508419762678,0.687236611592054,0.727144542850083,0.738570458022609,0.729994524050273,0.564788000624569,0.708715180819114,0.804257346664689,0.6799579543506,0.691717649132231,0.669576544884524,0.616523900922173,0.61317947311688,0.705210374337686,0.685034677204611,0.694173120927839,0.784683908094653,0.539495119793756,0.723781660860484,0.740062118907746,0.692902606098772,0.689250465268876,0.70726351950201,0.761020052173248,0.688763777470032,0.763086009093917,0.643265038598738,0.742123532520569,0.663961268561303,0.540558315982386,0.705588742284997,0.551210841193862,0.653366437184355,0.580571779243575,0.401542890646516,0.527514341810504,0.642566559439862,0.567212816032075,0.565402515107608,0.659773438136986,0.713726366056005,0.627826456877701,0.730379419437001,0.912639454590578,0.922220257801528,0.645090255297089,0.772035471830883,0.864038313412896,0.742215405142179,0.655087233739944,0.637115064246005
"W6",0.789175668672642,0.85184150551421,0.796223833683397,0,0.823537075492523,0.708375661996479,0.840021985596386,0.602694358296648,0.730323614263766,0.676274425339836,0.639747766356452,0.713045264061642,0.617117623351117,0.685916578705483,0.69819075306203,0.7829747902466,0.732096218141984,0.717613092216042,0.685529299228267,0.739933978134703,0.528470414149424,0.83084395963458,0.751805768528781,0.637313796230353,0.690061134541992,0.718813848507766,0.693274825933071,0.733775668869013,0.760813339446499,0.686290692821087,0.708965176100643,0.658178219134729,0.707884305976509,0.767404298597308,0.528418693128714,0.703644482967577,0.826644317282826,0.560025467497439,0.748328013241221,0.798202516150842,0.81892261528334,0.509398506482264,0.696526531908333,0.721682099827667,0.677913486056783,0.835936383193153,0.846779572249594,0.795482199611384,0.658203884727319,0.893290174511619,0.82325450059974,0.734701665166948,0.671488242322237,0.79098637073548,0.705181689238331,0.806350085938732,0.73375978929201,0.618415394063968,0.829259909045298,0.755213422681309,0.851837291765867,0.785449892734598,0.810880708213855,0.771380559613531,0.684543896160294,0.806839163831718,0.778985357535476
"W7",0.468225430678339,0.462115512468162,0.384352450237323,0.823537075492523,0,0.345827449692961,0.371959437035962,0.708801070938727,0.623247642450382,0.547694101801555,0.608467549113771,0.574244484003746,0.749638340015753,0.46018661834579,0.508144098339532,0.333298854407602,0.653951757873933,0.623132872955828,0.693185427688553,0.674892528118888,0.742889536257397,0.656120696128275,0.637445964154647,0.802233173392362,0.619708408108722,0.671047329926936,0.585754252876493,0.53654501013746,0.51966066234325,0.694720403942468,0.683121190849735,0.723766030674211,0.738126503411435,0.507291583567461,0.651858599231206,0.720284637280938,0.627301258066221,0.643293377865025,0.663892960735236,0.637892394201528,0.532095047361747,0.753988038444068,0.501101636557084,0.640253593499283,0.484206223882733,0.559298809277724,0.674521223812263,0.468648647160013,0.678010775817388,0.593794574380618,0.396533641650561,0.540706410470132,0.530428733259275,0.492589110233413,0.501819442670283,0.509761013189337,0.626387395309558,0.57947303333139,0.622103831830117,0.879687862989401,0.91168209040216,0.512371359262682,0.638052116922003,0.817915791824248,0.625909829938226,0.520046510923209,0.559681073453904
"W9",0.298506406449971,0.571673104760197,0.452490997144586,0.708375661996479,0.345827449692961,0,0.324074548953209,0.743548851972844,0.526873875187441,0.497605978186929,0.543545734249291,0.554677542643358,0.668226788940415,0.313111306489158,0.405805791931799,0.397637026615117,0.641087298824718,0.590599479963927,0.741798205022397,0.623097118365272,0.651802191818586,0.585980461328391,0.635641388602681,0.770750852047309,0.550529880768769,0.619430870908282,0.467344086973053,0.519237262610398,0.496259220136395,0.748376879726122,0.660165988610078,0.682022235021439,0.699865022069697,0.464877514927033,0.517778315353963,0.773386838658907,0.599715988516873,0.53128005921344,0.678728132172073,0.622076732971836,0.550421897695323,0.62551906932279,0.333412465469863,0.515130816644098,0.371142475046047,0.416277681684817,0.595471748820706,0.387879321263272,0.655151177010351,0.634206770581139,0.402253317301266,0.343264132086719,0.382680946498799,0.499025035535493,0.594258662128886,0.48972891340677,0.666470342219836,0.490733011190648,0.598682660253605,0.877573580735613,0.889843710495373,0.433332101232388,0.624839878182795,0.781415157046155,0.52284808276677,0.449145520605477,0.573358219418915
"W10",0.312829777434934,0.499832475534966,0.439047482575759,0.840021985596386,0.371959437035962,0.324074548953209,0,0.791608413068281,0.623246974474512,0.62801424619949,0.691591585985746,0.562322924149602,0.801727368232782,0.400682974055557,0.570285681981187,0.504084109596788,0.72989656410631,0.660745486507591,0.805794607390148,0.6671032386721,0.783243350824565,0.531214441598731,0.60946604855609,0.841237198941744,0.608034117739323,0.707800710788286,0.623536764517468,0.592153245587786,0.632353675102891,0.801087872594413,0.748462060115146,0.743967979354037,0.693352814100548,0.57390539857206,0.668100358376922,0.822707809429059,0.600549096898262,0.680200537176648,0.71951616026457,0.683498279345107,0.627422656286545,0.752916459934095,0.499213318706564,0.64890520319755,0.501525899221291,0.356313826946355,0.544057725258741,0.42561412075799,0.727014112102571,0.553648569924256,0.403659682192925,0.360068949278558,0.543068452424366,0.56139141824765,0.701218508537761,0.470837728671336,0.735345407445556,0.641339256508349,0.556936133042672,0.882479885494276,0.863791668959574,0.481434759759468,0.629128847888643,0.74954596065108,0.652000051148758,0.452968589864987,0.556196100123915
"W33",0.740052728925693,0.78204925006687,0.721076980087637,0.602694358296648,0.708801070938727,0.743548851972844,0.791608413068281,0,0.637483951531484,0.67814611706673,0.638590819601281,0.605237405687195,0.581826842497341,0.765304986698834,0.640977839192988,0.668765796348901,0.542091189882463,0.606978285261948,0.422875133295447,0.581876328934218,0.588336104981983,0.828202310466784,0.667829617058003,0.407058186266762,0.614385707933222,0.629571697925657,0.684977108125237,0.646047782536213,0.650134570505787,0.397184458209514,0.483768134094042,0.575157924180043,0.55849614305599,0.641410353338446,0.545694062151104,0.414958208489043,0.693677175687333,0.575082906622781,0.540183579524271,0.641349204265976,0.702745497156926,0.62198538119313,0.725501261031871,0.708968128217142,0.69590459778536,0.822090842468854,0.837256392210189,0.762320318445047,0.313964223080758,0.853160869704716,0.759952792105396,0.805301480276469,0.717643402524831,0.721085426224615,0.536171393906996,0.709243838911118,0.420966289075376,0.640028935993786,0.707291313397045,0.752467530818993,0.882627513626616,0.760647857628545,0.740440567438784,0.768405517510365,0.615962211761753,0.770625371823995,0.669312652427052
"W42",0.584618770628225,0.693431332447974,0.677222876788228,0.730323614263766,0.623247642450382,0.526873875187441,0.623246974474512,0.637483951531484,0,0.547896749528696,0.505449158208747,0.531323490263417,0.511925841736443,0.608364167807029,0.463580193391718,0.621164899976094,0.614372138055998,0.250009757212995,0.709538452151124,0.388838287054155,0.448240075279308,0.605132737190411,0.563229648185576,0.68511246336656,0.473319018142416,0.383490732866181,0.482852658775843,0.429123341846616,0.553629067938938,0.702405323837845,0.594403573939118,0.464472882779568,0.398315172815748,0.509697052720404,0.424490574272013,0.712809530412454,0.573433049685123,0.550888308755058,0.587880697527942,0.464313442621345,0.61044613676093,0.500728816747899,0.485505317542026,0.263237062453483,0.479813385675792,0.490327838271723,0.546286181027645,0.386761527333366,0.545477051241727,0.783636907742607,0.654158927778136,0.578201694037236,0.472658884575839,0.555900449806884,0.570311508430963,0.422212853537362,0.630077927076766,0.54782222364842,0.49634859180207,0.844228129406591,0.854682932163621,0.390858302790601,0.509346587158694,0.572501567740786,0.428083958643936,0.511399932867858,0.600302076898653
"W43",0.552686657227148,0.523932086809078,0.689639943564114,0.676274425339836,0.547694101801555,0.497605978186929,0.62801424619949,0.67814611706673,0.547896749528696,0,0.233696769101221,0.492745393907241,0.508472267271176,0.528645737309835,0.354042038048851,0.497619047916874,0.611459660201355,0.445910984900734,0.676060391835477,0.449640365453199,0.540591365198662,0.55452383424653,0.384074374404791,0.762196481798321,0.523900086758367,0.478123960624273,0.235307080311449,0.36429956495913,0.427824748888279,0.678771839195856,0.637648919092061,0.689752820931792,0.620454881028359,0.48542634706517,0.487443467705721,0.681293431536982,0.514381064794321,0.423304877038259,0.605005133953228,0.495038617673057,0.408902632753836,0.492947511816063,0.471975984268062,0.537230979889885,0.414657229223893,0.607907933486292,0.599700928291665,0.564430264082884,0.701130685255532,0.77216895554159,0.641047563352726,0.622275718235426,0.493984743586262,0.444650673186337,0.538010640925477,0.428038546210296,0.602496575271991,0.448591438693792,0.452130650283929,0.836166926526475,0.835651101652689,0.412299790190271,0.370392130259488,0.731424596415722,0.480170766518143,0.399597914673174,0.48890738585612
"W52",0.612694405117081,0.593052416403,0.685775533896006,0.639747766356452,0.608467549113771,0.543545734249291,0.691591585985746,0.638590819601281,0.505449158208747,0.233696769101221,0,0.427815937524972,0.42008628834565,0.56874071416607,0.363056075786317,0.558360204354093,0.533835488031047,0.412830662540981,0.608728517275996,0.539613734181222,0.449696766268374,0.668980148958759,0.366816798775923,0.70834971503452,0.441884572482137,0.330926152200779,0.201003836188062,0.326699096003548,0.356812158749377,0.608254331266295,0.550919949877258,0.594118764341067,0.597034308440592,0.501196887889312,0.457050341054046,0.61828838310036,0.621203459643418,0.317805201935426,0.54705810540618,0.438504722308616,0.51609939482438,0.433980729292162,0.498503309954411,0.474180349837689,0.3933065308239,0.636721185208873,0.562816562135449,0.552282936007623,0.649447407204048,0.817166516535697,0.649378487576461,0.645250556777826,0.470539326068411,0.411326890145917,0.448252566235663,0.417039578985534,0.568412717243947,0.379768906395814,0.453981346949645,0.852003846987518,0.87875204354928,0.450738142662956,0.318806153849182,0.693188621435035,0.415408600127128,0.519175514457051,0.469264699686548
"W54",0.515895551580317,0.650925697614873,0.643708062058073,0.713045264061642,0.574244484003746,0.554677542643358,0.562322924149602,0.605237405687195,0.531323490263417,0.492745393907241,0.427815937524972,0,0.568976066917365,0.58165350818556,0.368177924752537,0.532107487284566,0.494038248865947,0.488614184022078,0.535639440017516,0.579424219768988,0.647712280088354,0.709938141107112,0.359015475441579,0.698294170705766,0.357595182467208,0.482396925241909,0.441064988419256,0.410210204721665,0.569121253576382,0.594234830587754,0.524127788055527,0.682617953092448,0.574964083958852,0.572039775269249,0.499839115913142,0.600912364233681,0.698892363569622,0.36155468096024,0.530295300260342,0.555146375676053,0.580644137170781,0.655734554219276,0.480555406476953,0.545869648706126,0.363185082659188,0.682702621015966,0.632904008214885,0.549550060513169,0.652730008331264,0.810097808099194,0.540765850339828,0.681014992648688,0.428630565119581,0.546768936319732,0.31835792300145,0.378745575251236,0.534265678737882,0.328586465999313,0.449428893789135,0.82785259631949,0.894092221409615,0.561258947045793,0.421796832129063,0.663379383094209,0.348579526111547,0.54664300426731,0.339652139572336
"W57",0.707656662567307,0.740542536567531,0.750763864680921,0.617117623351117,0.749638340015753,0.668226788940415,0.801727368232782,0.581826842497341,0.511925841736443,0.508472267271176,0.42008628834565,0.568976066917365,0,0.673004121712607,0.567679501205785,0.715426005790161,0.528102162983081,0.570147945916153,0.401553229123116,0.577543425828619,0.356290835526018,0.767679364626343,0.608291041302686,0.608824750227373,0.47866739595833,0.339365600106202,0.528366742494638,0.478734081653327,0.611056784240704,0.427176231920875,0.493376350010445,0.562345897532241,0.426950961549879,0.542846448511215,0.557195449696355,0.428755205383019,0.755760176357628,0.452275588056232,0.49898087378165,0.47010011268509,0.713095288675903,0.547599133911048,0.555731945470719,0.524526288005734,0.606468686237066,0.674575552651851,0.615979965462606,0.531461781789312,0.623043801085032,0.867891836066922,0.757482502273206,0.734848507383885,0.533516892369011,0.624664809468224,0.570993432743125,0.563806512544627,0.440887379092501,0.514813736158855,0.628614829316124,0.8204397523906,0.885503066553882,0.570638824969934,0.624246834460169,0.623242373751959,0.491337849528771,0.711307040733699,0.657050773969965
"W60",0.406281592851091,0.587253164441571,0.444740479999771,0.685916578705483,0.46018661834579,0.313111306489158,0.400682974055557,0.765304986698834,0.608364167807029,0.528645737309835,0.56874071416607,0.58165350818556,0.673004121712607,0,0.497825518780891,0.365415163022184,0.721311271342085,0.626533350391858,0.760090882047705,0.639351642341376,0.642149354251697,0.535985826916336,0.668423219750219,0.813973030654582,0.577012152999272,0.639105638070474,0.540417736547776,0.552710425119607,0.625337331348979,0.745412741233178,0.698920976852271,0.705988621160654,0.707937393409166,0.466327051906783,0.555790475393761,0.778259413290584,0.61507921873214,0.568353473712115,0.719532626979802,0.669941803947464,0.597115993079803,0.690364741961689,0.397345031617924,0.577268348916913,0.434200189601028,0.462633843427218,0.586646329318628,0.536917988428498,0.693763687419245,0.629114870459086,0.494853006836553,0.427092053949259,0.454890672806071,0.463243306269839,0.65204503268154,0.570587497979198,0.687551814703052,0.410940445775765,0.627528615002333,0.871511184221332,0.890659732411659,0.469311114259429,0.613753330042765,0.800991815814054,0.582330896802363,0.501987139519979,0.585190925548985
"W63",0.447071824840665,0.598296510168317,0.650157043110783,0.69819075306203,0.508144098339532,0.405805791931799,0.570285681981187,0.640977839192988,0.463580193391718,0.354042038048851,0.363056075786317,0.368177924752537,0.567679501205785,0.497825518780891,0,0.451555509930566,0.521428932275864,0.492040442043703,0.619287303038145,0.517418248953346,0.590471086941616,0.598215549757264,0.498283754825573,0.690392969600792,0.323098952235717,0.467305482590106,0.316286477291752,0.317175136863233,0.404040864968147,0.637508394189907,0.520238832988019,0.647976377926878,0.589667223638785,0.500614071449198,0.39455263825377,0.662310155607672,0.618390009366967,0.350157824473911,0.550924493873317,0.510671384474709,0.417669247115191,0.598027502687888,0.374685775388958,0.494111506194051,0.316581956406941,0.573922445743048,0.587877317714571,0.48879970675832,0.594902670045211,0.750590820887959,0.579408362072768,0.578797513798067,0.411268387945012,0.482864286663635,0.453199469463604,0.40949554123353,0.54131512389204,0.398119521980857,0.517301593641487,0.834837928009126,0.874431039932417,0.378447768905482,0.410696823514104,0.692010035211032,0.259775418328827,0.412795275723774,0.442615679794957
"W68",0.451082244515589,0.575278390530744,0.471522351446912,0.7829747902466,0.333298854407602,0.397637026615117,0.504084109596788,0.668765796348901,0.621164899976094,0.497619047916874,0.558360204354093,0.532107487284566,0.715426005790161,0.365415163022184,0.451555509930566,0,0.632325985128401,0.619568260412598,0.65500874987558,0.633988920338738,0.713691003073005,0.661083217122691,0.605414330357981,0.786162686454513,0.576387460807576,0.629600242089142,0.527779266349048,0.489192178621689,0.482960596001024,0.660937423155422,0.611005040928741,0.674774637897606,0.719926525312989,0.404639197660479,0.599139111862409,0.707443850016578,0.606263149574585,0.574512619381668,0.617976035795659,0.637156736927788,0.508986174595345,0.720946875136835,0.472693940386607,0.645839082401621,0.472151111627054,0.617632873694134,0.67559937416266,0.572830327986342,0.63311164006646,0.673007752933393,0.453705012195606,0.595949776710293,0.534892697226887,0.383665788217009,0.509053233658898,0.497539271980235,0.580005967891354,0.457775277546578,0.598869889543533,0.865292393479553,0.914071467247456,0.436758134407633,0.629178388975938,0.82295055737301,0.60138531716833,0.499788447551409,0.524318336762673
"W73",0.616254361870278,0.733864109753086,0.702508419762678,0.732096218141984,0.653951757873933,0.641087298824718,0.72989656410631,0.542091189882463,0.614372138055998,0.611459660201355,0.533835488031047,0.494038248865947,0.528102162983081,0.721311271342085,0.521428932275864,0.632325985128401,0,0.639125628590055,0.405323407311722,0.663700816104269,0.642679184584706,0.775096098180281,0.583179542442374,0.565247676335135,0.377327861400244,0.475615648882039,0.565220135804433,0.607594130049329,0.470653015263051,0.408968635957957,0.249747181935583,0.605777987785996,0.714947203018209,0.628836331510263,0.515639455869352,0.39403742698815,0.677850122843953,0.402652724833093,0.257717073030097,0.43546883512536,0.582620621044779,0.673022970508244,0.521802520843286,0.633045475340071,0.582790766393501,0.762472549822066,0.692492526194084,0.611492653011328,0.516997540161763,0.776736187292754,0.635646555272339,0.722592459027636,0.472799482373343,0.663184947245475,0.435185439133167,0.656812189204108,0.344667061446652,0.492617040862699,0.57356464465193,0.826693698100688,0.869873784948799,0.698401026043143,0.625875610607266,0.814853169990534,0.381779367568861,0.702523450859717,0.566599202304689
"W83",0.635822692348626,0.677527547852628,0.687236611592054,0.717613092216042,0.623132872955828,0.590599479963927,0.660745486507591,0.606978285261948,0.250009757212995,0.445910984900734,0.412830662540981,0.488614184022078,0.570147945916153,0.626533350391858,0.492040442043703,0.619568260412598,0.639125628590055,0,0.689018434451818,0.294420287453071,0.52515901525112,0.603715572482227,0.478937039304007,0.708956723566904,0.505362967493199,0.336539370089461,0.433084378694072,0.485583262722808,0.572183832648142,0.67147103665645,0.61477284295579,0.596663146577653,0.449206066414973,0.604092517074246,0.44185339657929,0.68787604263079,0.547430764291192,0.549905397951847,0.612848843043924,0.40818225448756,0.627925748690344,0.403110451332005,0.562960828466391,0.401856404986814,0.52474543536214,0.626526216422921,0.564477453802659,0.493525154049582,0.601173493349427,0.819058608143886,0.670820876426726,0.629042035822268,0.542841944372543,0.54519999300952,0.548735787126499,0.494923365164442,0.60559712230133,0.534324545526811,0.440941950970646,0.826957020558184,0.848245041685168,0.510406192553083,0.382186221712196,0.620534012088796,0.46432507845309,0.529388503989484,0.605872354381664
"W84",0.748461713425185,0.783902108551028,0.727144542850083,0.685529299228267,0.693185427688553,0.741798205022397,0.805794607390148,0.422875133295447,0.709538452151124,0.676060391835477,0.608728517275996,0.535639440017516,0.401553229123116,0.760090882047705,0.619287303038145,0.65500874987558,0.405323407311722,0.689018434451818,0,0.666337897871581,0.645328837908586,0.828450940979414,0.645278215124746,0.536994809421283,0.493778655696363,0.519071205987179,0.663340696824743,0.661775302519973,0.679518008071667,0.238616631457166,0.378664871799921,0.676321116040252,0.613546517602175,0.676872846284535,0.659004216311284,0.22587093706877,0.78225490806889,0.517970346744561,0.403920436300842,0.55094352739958,0.698507651414892,0.697233721638836,0.614272968926063,0.750784340770197,0.651638032102573,0.84397234302666,0.728760945755902,0.698637587886503,0.551592236035702,0.864634417493825,0.69693176070852,0.81820490014787,0.578703748867611,0.69318595591165,0.471173415142744,0.697556065715492,0.28881857499902,0.585541745415829,0.672806042118028,0.784652016145569,0.890102702454994,0.768075061273356,0.702268729361184,0.778170283975947,0.526873748747847,0.766575598716337,0.620310083136803
"W85",0.65591935787247,0.661769497188534,0.738570458022609,0.739933978134703,0.674892528118888,0.623097118365272,0.6671032386721,0.581876328934218,0.388838287054155,0.449640365453199,0.539613734181222,0.579424219768988,0.577543425828619,0.639351642341376,0.517418248953346,0.633988920338738,0.663700816104269,0.294420287453071,0.666337897871581,0,0.600447608231288,0.526286491217276,0.542704169617658,0.656685364694307,0.529516613485955,0.47909084436597,0.514176347040198,0.574770398092452,0.644901579824835,0.648348934100682,0.651468815807983,0.634662922143525,0.476358706035608,0.664051002009231,0.47141066341387,0.662399453563246,0.438944976777325,0.562115719749318,0.621168762219561,0.512689734772321,0.592055415709464,0.501704458300165,0.608744106107773,0.500808452805779,0.569188015185824,0.635294868196551,0.601141573446894,0.549200073017031,0.572736342142403,0.813092788038045,0.700288044775649,0.650492199575539,0.614983299968664,0.626980578287396,0.642658749885709,0.588913883693653,0.589581015849684,0.58717764895267,0.507729194796132,0.837519143901243,0.764579201439105,0.530348420242039,0.50696428298499,0.674865986278984,0.50349333680186,0.455309625625635,0.658905020956127
"W87",0.709118552194713,0.75826262209397,0.729994524050273,0.528470414149424,0.742889536257397,0.651802191818586,0.783243350824565,0.588336104981983,0.448240075279308,0.540591365198662,0.449696766268374,0.647712280088354,0.356290835526018,0.642149354251697,0.590471086941616,0.713691003073005,0.642679184584706,0.52515901525112,0.645328837908586,0.600447608231288,0,0.734564588435534,0.658693446368538,0.687054939076528,0.579606876661978,0.484395526721134,0.53750805840602,0.463959533972743,0.608344123560515,0.640398656844738,0.642660593420948,0.380516380079328,0.480256675776579,0.531641935626091,0.484064328934328,0.649459976956004,0.670411239666893,0.532924894571432,0.62237862591865,0.629601619804734,0.719222487474943,0.421124106846935,0.619384916505008,0.445527927324064,0.634569643631504,0.658942613590075,0.707894110849545,0.610450176282511,0.612421626137372,0.868544147130082,0.776119229437278,0.693459722601966,0.627865227030083,0.623731605447884,0.640321672592399,0.584719278174589,0.628951492943676,0.56748534315571,0.688762547527202,0.821254801753326,0.89383549627259,0.56586417924107,0.669234143924512,0.512875694508235,0.580122000686793,0.715480581104915,0.677982876681708
"W93",0.517460018310039,0.539559161422608,0.564788000624569,0.83084395963458,0.656120696128275,0.585980461328391,0.531214441598731,0.828202310466784,0.605132737190411,0.55452383424653,0.668980148958759,0.709938141107112,0.767679364626343,0.535985826916336,0.598215549757264,0.661083217122691,0.775096098180281,0.603715572482227,0.828450940979414,0.526286491217276,0.734564588435534,0,0.608749613206956,0.823725908971363,0.631479654166572,0.632440014770146,0.566634888912046,0.61618873388348,0.683837047293912,0.825471877138616,0.758145871337531,0.753594717898132,0.684729810567901,0.664842121034586,0.703987941450331,0.835429747790106,0.550200807304224,0.733979158373764,0.763921430559577,0.623567934928431,0.59862132887569,0.661127310451497,0.618090695759664,0.670199375125953,0.66793436099337,0.532057207119354,0.571542944289977,0.557325710413438,0.739941521199928,0.583729150952587,0.634817799512447,0.600707523345157,0.636724998883286,0.618420496014755,0.79693576670092,0.654092235978784,0.76448439978347,0.717257949603331,0.585970014493592,0.905668207828504,0.809920533548635,0.543629467235864,0.580204697186242,0.777508858566477,0.638029512583208,0.484047577443212,0.672908836682037
"W94",0.560716248833189,0.577356548533633,0.708715180819114,0.751805768528781,0.637445964154647,0.635641388602681,0.60946604855609,0.667829617058003,0.563229648185576,0.384074374404791,0.366816798775923,0.359015475441579,0.608291041302686,0.668423219750219,0.498283754825573,0.605414330357981,0.583179542442374,0.478937039304007,0.645278215124746,0.542704169617658,0.658693446368538,0.608749613206956,0,0.747400550083618,0.449905619275931,0.427474106983529,0.318435694422146,0.375142160624175,0.491441064719959,0.608327550666847,0.579554572718494,0.647621102358031,0.628209843608001,0.548396120773445,0.605909627873558,0.627878372429015,0.583682587066875,0.445606897212626,0.597118062118688,0.467806199179962,0.579424900399706,0.578997820947913,0.534161695908363,0.58892189478117,0.470675085529376,0.650992816905965,0.567747222769843,0.565666672385308,0.663474599670386,0.815203385955018,0.617819209727188,0.715462988036989,0.496585572063191,0.525767303497894,0.454047741779906,0.394770983638744,0.60356875016133,0.41233338893054,0.258907363584758,0.889380573567684,0.878707551022031,0.503134394595083,0.379653273721434,0.683202372186173,0.468298748246879,0.481382254648493,0.333362168909385
"W95",0.766009463377069,0.852313497875452,0.804257346664689,0.637313796230353,0.802233173392362,0.770750852047309,0.841237198941744,0.407058186266762,0.68511246336656,0.762196481798321,0.70834971503452,0.698294170705766,0.608824750227373,0.813973030654582,0.690392969600792,0.786162686454513,0.565247676335135,0.708956723566904,0.536994809421283,0.656685364694307,0.687054939076528,0.823725908971363,0.747400550083618,0,0.689092112779414,0.707239033782898,0.73135701623451,0.741714410796511,0.678017234454167,0.496322101100768,0.488677342710312,0.635848723009168,0.666164914053523,0.759183069828872,0.626274271876486,0.452569257134602,0.734761053184331,0.649372167770476,0.575893908772009,0.651757192627901,0.702385494993354,0.694693555967541,0.73948200909544,0.731983715277035,0.775760828410752,0.869509026956016,0.871375548371068,0.789762692937128,0.331045701358462,0.845859400494019,0.810638585049152,0.825347172584131,0.730392818994815,0.805195353716649,0.657888330791181,0.816449627501039,0.551689120362254,0.743588312196291,0.788851861999647,0.77473061280829,0.831964128198218,0.822109233317283,0.791714470594055,0.8326295229088,0.6279003769451,0.825317408610258,0.765369185027468
"W96",0.538240842191694,0.680589911024099,0.6799579543506,0.690061134541992,0.619708408108722,0.550529880768769,0.608034117739323,0.614385707933222,0.473319018142416,0.523900086758367,0.441884572482137,0.357595182467208,0.47866739595833,0.577012152999272,0.323098952235717,0.576387460807576,0.377327861400244,0.505362967493199,0.493778655696363,0.529516613485955,0.579606876661978,0.631479654166572,0.449905619275931,0.689092112779414,0,0.31275745648398,0.431239884917559,0.400564433986004,0.548859149690433,0.468668601490026,0.385647660749377,0.571294399066757,0.586732860503309,0.589688857971882,0.378638279924889,0.518258562726529,0.622969293799974,0.289512983527394,0.322922831170167,0.440360939797859,0.587973062868504,0.625832443165206,0.371526055540276,0.502383190291381,0.413267002579807,0.631408436462521,0.531809008862614,0.485143918068885,0.579621864008332,0.809722299921825,0.607067473058637,0.630615311429588,0.319290662965206,0.602710174962007,0.413425087940815,0.530640721975351,0.415794490269684,0.338215562973388,0.471530337822777,0.85728365175015,0.880006368276515,0.478665407430542,0.475356809610275,0.702286828775021,0.279001028612567,0.53729837612157,0.427405137241882
"W97",0.626863039027269,0.670273138533797,0.691717649132231,0.718813848507766,0.671047329926936,0.619430870908282,0.707800710788286,0.629571697925657,0.383490732866181,0.478123960624273,0.330926152200779,0.482396925241909,0.339365600106202,0.639105638070474,0.467305482590106,0.629600242089142,0.475615648882039,0.336539370089461,0.519071205987179,0.47909084436597,0.484395526721134,0.632440014770146,0.427474106983529,0.707239033782898,0.31275745648398,0,0.398877693300337,0.372980803194381,0.487196257227421,0.473166548530971,0.404030666872902,0.545506231703185,0.525289597964753,0.539865890638897,0.506383016577272,0.50917629757092,0.650573534516821,0.447101792930432,0.404736070302138,0.31005500098026,0.636469996068516,0.521008755589565,0.492503941361951,0.495473804895925,0.554209288353126,0.625838938293627,0.448799263853019,0.468351921569528,0.602278182318032,0.848686162253915,0.69615223173797,0.708910990887501,0.478993903123527,0.513043654167553,0.502063633563779,0.52055022719038,0.430634348350799,0.437971725349944,0.441924260997185,0.873160346981082,0.897255559391218,0.465027929689204,0.420680575538112,0.663264155034577,0.367705000693401,0.585372020838292,0.515419941735882
"W100",0.520846096724303,0.566882985767064,0.669576544884524,0.693274825933071,0.585754252876493,0.467344086973053,0.623536764517468,0.684977108125237,0.482852658775843,0.235307080311449,0.201003836188062,0.441064988419256,0.528366742494638,0.540417736547776,0.316286477291752,0.527779266349048,0.565220135804433,0.433084378694072,0.663340696824743,0.514176347040198,0.53750805840602,0.566634888912046,0.318435694422146,0.73135701623451,0.431239884917559,0.398877693300337,0,0.337919469101175,0.356687302952277,0.665313133597851,0.571506101080888,0.598387377428809,0.638224826307045,0.48592209484174,0.477119625859718,0.696115003907833,0.547484873628334,0.392052087607079,0.572126729233444,0.419999711280857,0.448149407595937,0.411007775160933,0.402095008564748,0.458724409175497,0.344728073720269,0.575023152687486,0.54169668384154,0.506941874048005,0.62796603269283,0.766998974332802,0.581524414448502,0.602039447173814,0.404946626704526,0.424347720457454,0.519090617753134,0.415957181076952,0.622877630758254,0.382638386359898,0.366801351191116,0.874009893505926,0.85239392646346,0.381395140045771,0.344333785007401,0.725376948253833,0.429424611070636,0.410001917495404,0.450916837728327
"W101",0.496016541832759,0.586335075359729,0.616523900922173,0.733775668869013,0.53654501013746,0.519237262610398,0.592153245587786,0.646047782536213,0.429123341846616,0.36429956495913,0.326699096003548,0.410210204721665,0.478734081653327,0.552710425119607,0.317175136863233,0.489192178621689,0.607594130049329,0.485583262722808,0.661775302519973,0.574770398092452,0.463959533972743,0.61618873388348,0.375142160624175,0.741714410796511,0.400564433986004,0.372980803194381,0.337919469101175,0,0.366779584883727,0.630186087900793,0.590621933294048,0.501607274138201,0.4618415534793,0.342335909141663,0.539733385264104,0.670658375852349,0.631020776634161,0.47267221687669,0.59050472201414,0.56094971121014,0.472946152726625,0.595127247390163,0.516449300070396,0.484299540378707,0.47674582347887,0.512101944642742,0.587216859551693,0.453325042292319,0.629104659635934,0.789311041323867,0.636682562885307,0.667206540066293,0.539407812937487,0.437219453374758,0.500615270684968,0.316026711491837,0.611334891927125,0.459160381288606,0.500233626056596,0.873660952901504,0.912186685780061,0.287743623643915,0.420747941341501,0.566773878215618,0.487443688318277,0.469153064695668,0.415749244386354
"W104",0.492233644835289,0.614813090003327,0.61317947311688,0.760813339446499,0.51966066234325,0.496259220136395,0.632353675102891,0.650134570505787,0.553629067938938,0.427824748888279,0.356812158749377,0.569121253576382,0.611056784240704,0.625337331348979,0.404040864968147,0.482960596001024,0.470653015263051,0.572183832648142,0.679518008071667,0.644901579824835,0.608344123560515,0.683837047293912,0.491441064719959,0.678017234454167,0.548859149690433,0.487196257227421,0.356687302952277,0.366779584883727,0,0.638839686800064,0.542788805589917,0.549363630663738,0.686891894089479,0.405686225164543,0.597567777805191,0.665122891075732,0.591201972429862,0.524973232870215,0.59989474420343,0.481911786524458,0.405208271988178,0.575954123395107,0.547872475561571,0.561584750348,0.534920376242346,0.577399955564928,0.61470119613093,0.521321016923672,0.595501066327721,0.735414167432403,0.599607381297256,0.664603480878201,0.584210545243954,0.390875038435659,0.530610382641471,0.475434790292193,0.638507628527996,0.564330691311865,0.551981355411009,0.871849792892951,0.874510725770453,0.43111148594342,0.526156518478133,0.749794441828227,0.550265887041264,0.545395330910141,0.562571384900062
"W107",0.73056389404625,0.755012244228755,0.705210374337686,0.686290692821087,0.694720403942468,0.748376879726122,0.801087872594413,0.397184458209514,0.702405323837845,0.678771839195856,0.608254331266295,0.594234830587754,0.427176231920875,0.745412741233178,0.637508394189907,0.660937423155422,0.408968635957957,0.67147103665645,0.238616631457166,0.648348934100682,0.640398656844738,0.825471877138616,0.608327550666847,0.496322101100768,0.468668601490026,0.473166548530971,0.665313133597851,0.630186087900793,0.638839686800064,0,0.249049020236249,0.62892297900823,0.67665725051137,0.668502856237481,0.652237336273855,0.11048479206963,0.744561004705182,0.513457013677033,0.319310399522386,0.504064263006248,0.698008594147961,0.732582665324917,0.600429531176787,0.757541514137765,0.68871482406894,0.842415277813239,0.738369683663435,0.70372103358,0.46046944156264,0.845118525321695,0.721736925861825,0.804656405275105,0.591075218758603,0.718481702662174,0.443490025637215,0.725174240411456,0.214672529252569,0.576100389056182,0.65965651872015,0.846154432035241,0.921778982777691,0.759724377286958,0.72313114329846,0.830225603101038,0.568166314933011,0.767188935785651,0.599979513375385
"W108",0.641317193597304,0.73355439144076,0.685034677204611,0.708965176100643,0.683121190849735,0.660165988610078,0.748462060115146,0.483768134094042,0.594403573939118,0.637648919092061,0.550919949877258,0.524127788055527,0.493376350010445,0.698920976852271,0.520238832988019,0.611005040928741,0.249747181935583,0.61477284295579,0.378664871799921,0.651468815807983,0.642660593420948,0.758145871337531,0.579554572718494,0.488677342710312,0.385647660749377,0.404030666872902,0.571506101080888,0.590621933294048,0.542788805589917,0.249049020236249,0,0.565783767294685,0.716204620200668,0.642547113411669,0.545915156205186,0.294937142421471,0.698881414044049,0.413373358330116,0.21383673908498,0.371954159905602,0.597830403385793,0.669094328318688,0.491617520124827,0.648835380474423,0.620266922635902,0.80326692099998,0.709197638074895,0.643187786227632,0.407626298193006,0.783773239452943,0.668395530204116,0.745421388965786,0.477914356077582,0.689575506157211,0.42171415831963,0.68981742103983,0.273112806444099,0.495529198437013,0.586498493825325,0.838697471004276,0.874230318189105,0.703488477300587,0.660348417312826,0.819775076458888,0.412745236499136,0.72502351074261,0.575736016093995
"W109",0.704978656653971,0.758950585304144,0.694173120927839,0.658178219134729,0.723766030674211,0.682022235021439,0.743967979354037,0.575157924180043,0.464472882779568,0.689752820931792,0.594118764341067,0.682617953092448,0.562345897532241,0.705988621160654,0.647976377926878,0.674774637897606,0.605777987785996,0.596663146577653,0.676321116040252,0.634662922143525,0.380516380079328,0.753594717898132,0.647621102358031,0.635848723009168,0.571294399066757,0.545506231703185,0.598387377428809,0.501607274138201,0.549363630663738,0.62892297900823,0.565783767294685,0,0.573068946596837,0.473417752463804,0.525820209462777,0.655974819486858,0.569863929267732,0.585094125787281,0.5481154118724,0.578279227883674,0.677567588387287,0.520396129960733,0.641544217074292,0.496555638042364,0.664087819439476,0.65182170527654,0.720916023004001,0.618204043192561,0.477807720510204,0.834564243347176,0.72544838501769,0.705018491059651,0.645769416434035,0.617341071551215,0.642811063342659,0.600207869077305,0.606306487113711,0.63101802759291,0.640420507206634,0.839102918561885,0.825880281668242,0.55948710780318,0.713592534703776,0.62668475334841,0.642242025888138,0.69815036067261,0.667836292346592
"W111",0.65625067849555,0.755349217033137,0.784683908094653,0.707884305976509,0.738126503411435,0.699865022069697,0.693352814100548,0.55849614305599,0.398315172815748,0.620454881028359,0.597034308440592,0.574964083958852,0.426950961549879,0.707937393409166,0.589667223638785,0.719926525312989,0.714947203018209,0.449206066414973,0.613546517602175,0.476358706035608,0.480256675776579,0.684729810567901,0.628209843608001,0.666164914053523,0.586732860503309,0.525289597964753,0.638224826307045,0.4618415534793,0.686891894089479,0.67665725051137,0.716204620200668,0.573068946596837,0,0.587280604434707,0.566970023095118,0.680096781376555,0.665892346130214,0.658709837372127,0.692213989677385,0.594233451299071,0.702530460434662,0.549312076759789,0.693582107531285,0.492436180861557,0.652552833479652,0.622840367000309,0.663263666636976,0.535459838115553,0.620425235766094,0.863791924520169,0.77386598518888,0.718105391857395,0.698093116020918,0.66137535809479,0.700422696075143,0.482791220183401,0.596188752040394,0.682001403382315,0.606062610721672,0.740617716009884,0.802573102906178,0.519470313402296,0.545175651427448,0.409499192276951,0.582218775241807,0.654009380863762,0.702138598287603
