"","hdz-095","hdz-005","hdz-004","hdz-019","hdz-025","hdz-002","hdz-023","hdz-001","hdz-050","hdz-036","hdz-067","hdz-186","hdz-183","hdz-195","hdz-161","hdz-162","hdz-170","hdz-099","hdz-101","hdz-096","hdz-106","hdz-193","hdz-259","hdz-251","hdz-323","hdz-246","hdz-247","hdz-209","hdz-207","hdz-260","hdz-205","hdz-208","hdz-194","hdz-200","hdz-239","hdz-199","hdz-307","hdz-315","hdz-306","hdz-331","hdz-303","hdz-312","hdz-313","hdz-333","hdz-332","hdz-325","hdz-242","hdz-334","hdz-302","hdz-232","hdz-309","hdz-344","hdz-409","hdz-346","hdz-210","hdz-393","hdz-340","hdz-349","hdz-406","hdz-391","hdz-316","hdz-223","hdz-217","hdz-228","hdz-403","hdz-402","hdz-387","hdz-378","hdz-379","hdz-359","hdz-355","hdz-360","hdz-380","hdz-451","hdz-453","hdz-449","hdz-448","hdz-439","hdz-432","hdz-440","hdz-443","hdz-165","hdz-214","hdz-446","hdz-447","hdz-475","hdz-441","hdz-464","hdz-164","hdz-474","hdz-415","hdz-171","hdz-159","hdz-463","hdz-158","hdz-461","hdz-466","hdz-488","hdz-483","hdz-479","hdz-487"
"hdz-095",0,0.536988907095868,0.325570047696183,0.453502541820861,0.756197886047002,0.48058279884751,0.28707903917684,0.29077148841425,0.675643192733256,0.734712814985714,0.735760431768549,0.581481939179206,0.563797875381315,0.588005366539472,0.599388572034052,0.649048598474204,0.506776006312854,0.699615193653074,0.374256632170911,0.506229330155635,0.424978327372421,0.648033081416825,0.637474572137456,0.651703186473354,0.731446030106378,0.632117716077814,0.698279335470731,0.517110071008223,0.557546370593018,0.751798600419205,0.506609357739429,0.613765000626662,0.517619710164782,0.521320409565147,0.664858392953472,0.47038388431354,0.705960095873294,0.629910142337321,0.676981410205358,0.579356611049846,0.66049650487208,0.44804690352778,0.58060800477418,0.626367931635418,0.579440034699085,0.77930756444838,0.591681576985696,0.577372347728778,0.653421536393132,0.632546475640457,0.561414529283195,0.488054423479437,0.667557413463408,0.453337085138189,0.508663963006017,0.647970024099343,0.574948026915301,0.489023312870461,0.587107074812522,0.52301112826436,0.363717823828644,0.409895108296024,0.585395946466656,0.681065961101855,0.47574623711121,0.343989944306687,0.543739036878883,0.63243900276932,0.592416306391271,0.517892943751447,0.639777221733163,0.586794544027997,0.459107118977323,0.45091496441203,0.502876946169248,0.536280761366299,0.654559458033346,0.46152178066813,0.821708085548218,0.527766574096671,0.45879837647047,0.495337830767078,0.666466513907183,0.557346282956766,0.590457548882606,0.563707671552854,0.555259335839135,0.528842593212417,0.596459070589219,0.490621436178125,0.434043443843539,0.8812333187665,0.870890370332049,0.40252635195183,0.645777095552229,0.727665366609833,0.494502504306944,0.603034166324862,0.484201234745064,0.302130361064939,0.532338622337868
"hdz-005",0.536988907095868,0,0.528186621915133,0.558367563366763,0.843453794946202,0.464664028484373,0.561575496897526,0.48608329910576,0.721923366101876,0.815530186223348,0.773929458402802,0.695298611571365,0.552405945132049,0.650761291000877,0.619829172654082,0.728199053447282,0.641023697085436,0.804148347345388,0.584200814818918,0.585373849137522,0.570258013036224,0.735366644918772,0.635953636733394,0.693219418047348,0.756307218898773,0.668080337830512,0.756713945902144,0.546638062894508,0.581435228325716,0.852774057668165,0.664316246629981,0.656572073426869,0.579287551795993,0.587753725982726,0.756989010431618,0.615417794853653,0.74213653903003,0.72755931127241,0.759580972422339,0.648189383134948,0.741083432405951,0.618358738435967,0.72236927339805,0.601262401477209,0.613899838470775,0.821410659674224,0.588546905156043,0.693877651911799,0.721931812484049,0.674438407567195,0.495903602534356,0.703704638806742,0.760847723916676,0.618708380246125,0.571895155061013,0.75197347990247,0.509141163127894,0.676778981465113,0.57055419414975,0.644100722411186,0.593273813100964,0.603684741531257,0.654453787130085,0.790174488264726,0.565682273058664,0.523116866670552,0.614202382265745,0.752322868104913,0.677639318407979,0.527165688965469,0.624430419169676,0.689181349750611,0.573835408269328,0.631111069861717,0.648310593692218,0.563986401323707,0.698233596873873,0.609004053293298,0.74356608755344,0.552766277377528,0.530197248467963,0.631470874791777,0.70344479635047,0.50944733266118,0.590897088686374,0.643923385801837,0.53182134098056,0.610238850536009,0.628886411661095,0.560061436562259,0.361493376270807,0.903010185918621,0.772365591495945,0.58951101369837,0.651219112548101,0.815998161149619,0.659348327235064,0.72149230510111,0.461166880139285,0.585664239532377,0.533290321046699
"hdz-004",0.325570047696183,0.528186621915133,0,0.389814702748818,0.786943055366124,0.42245048249617,0.336629459088726,0.20316408112908,0.727626960973686,0.702186112875978,0.784104344928749,0.579491329046123,0.671658750671086,0.60963642833828,0.680551383925274,0.707851835475584,0.568901934163636,0.762079178494585,0.385185257531177,0.588759055777441,0.570059165611823,0.713138056892322,0.717955502636669,0.667981357556028,0.78545557123606,0.652557675187985,0.734527572264415,0.480729172937009,0.653598951612971,0.808939381340299,0.582814945277463,0.676483774945153,0.605440734960639,0.597094698477377,0.733789651744011,0.633893690289318,0.785123452839607,0.720848734350766,0.714098821821327,0.66222413671031,0.651354003184826,0.576664915723621,0.62221553435458,0.71763752294723,0.665166251140425,0.832570277398487,0.623425878748075,0.659738137239833,0.733163380754666,0.665326751061799,0.627224552084034,0.525138801450733,0.703857395850919,0.46551088830616,0.520887553131839,0.603173348662115,0.529852481804222,0.478495688341923,0.54556718192463,0.51190306730996,0.369173432654217,0.371368428627845,0.54810336984304,0.72824918267397,0.424575575036492,0.427432213821025,0.611820645176858,0.69359067683758,0.51028495100077,0.446253418764542,0.531667971511212,0.611357097921372,0.503067823433478,0.39198250035739,0.531391640504335,0.593365555997366,0.700472302398765,0.435178758451606,0.803521391910253,0.534795685151931,0.530789946345781,0.549062118557411,0.71348066283174,0.535747599447875,0.629642911719834,0.621859343732142,0.600105369120055,0.509042138601317,0.553265798974373,0.596262996659795,0.458658525658913,0.863628330127407,0.848728768447972,0.458372861700851,0.639553893003475,0.716217658751046,0.456373499993693,0.634533382359446,0.485864838238575,0.32916578530884,0.621679802613658
"hdz-019",0.453502541820861,0.558367563366763,0.389814702748818,0,0.781557542549551,0.37752375514249,0.426582571335138,0.431459930071098,0.717638459800723,0.812062265852376,0.717025814829765,0.6672787610062,0.67316688430002,0.727625907229688,0.679870875840499,0.727284579193337,0.63945236660816,0.743230177504439,0.426401373243366,0.645356234575666,0.491734889538234,0.714032537795754,0.654213815907824,0.693595233112834,0.714528990832668,0.727344449128921,0.727040365823759,0.565371854888205,0.701033827522441,0.801699184146338,0.692380454290018,0.685435849352396,0.668499742393691,0.621891749194556,0.740247069414768,0.6150285748805,0.687291070412486,0.681621692143637,0.696459321580121,0.704840444445978,0.778184295377362,0.48646397238049,0.720433123438297,0.654650905003299,0.602409281783072,0.747187357543286,0.693909865923438,0.682651051515267,0.705376794911083,0.754641989430862,0.667677290572833,0.712555626272434,0.756331095239308,0.633401503448451,0.579962224377976,0.742448373464144,0.664141805697942,0.501801879324261,0.610137294941252,0.663731580365388,0.435089150015432,0.53612023795622,0.69398949923576,0.738539028516222,0.243111678122558,0.490716751463417,0.544985969805958,0.652375078155331,0.571607515682025,0.446350159396886,0.605175373851103,0.629812339501422,0.421479791800602,0.520219142023176,0.626571610810922,0.555015599385221,0.529075891252301,0.521611066752746,0.870309589405658,0.65871565105849,0.537974890060131,0.533752041166282,0.706772906348544,0.676024893982751,0.702472072931004,0.623782665352715,0.725858605705009,0.608823747003536,0.542657549178475,0.667561738647795,0.626773649328761,0.90909632932938,0.919531199187082,0.60482540005729,0.778247084716798,0.860769005609069,0.706421348924176,0.755151700197,0.645872226252554,0.467436012509923,0.642029110336643
"hdz-025",0.756197886047002,0.843453794946202,0.786943055366124,0.781557542549551,0,0.806005636584487,0.683109232017528,0.821445039596606,0.518047455549766,0.476509604066397,0.582404338884324,0.678344460285185,0.7798653930135,0.79316846770401,0.614293024377236,0.692676070037999,0.67751731890364,0.310517498964001,0.667003593703983,0.624637997744879,0.759972047115449,0.691482872906569,0.753828977394654,0.632730340963937,0.666285304384862,0.693424700742297,0.488911527275416,0.782357261677824,0.729335956497033,0.611302891545751,0.659564089699481,0.670152615584903,0.669181440423045,0.681018909584793,0.664172584800141,0.748841214802827,0.679799766483064,0.684552876882167,0.626402557541474,0.649175712729761,0.648419704932125,0.751690144853254,0.511774823039337,0.736525830786026,0.732314158614504,0.600095415280111,0.814852341893186,0.542514102722934,0.733677232915365,0.777959425889622,0.798153798617326,0.825355811173246,0.487530372454755,0.675886363127949,0.683202840990862,0.692645964860185,0.860022351809688,0.854191240731648,0.757480266967037,0.658564437818831,0.828412476566616,0.80408979899157,0.813225618033822,0.331536511763086,0.829598723683132,0.691267970948639,0.779609429673813,0.63903190163393,0.890578361906464,0.852431950854497,0.875577206731768,0.774150721821434,0.806946690219119,0.723681975917936,0.654811827412108,0.782644542872149,0.688156097334449,0.868979020237373,0.742659476291888,0.77992202905054,0.816287293437014,0.645944044950668,0.720613498878496,0.877704666928334,0.663997440178229,0.594217432200003,0.813463337176226,0.845393462690945,0.829458454742302,0.727242662048884,0.847917052876269,0.715172265768589,0.830466361033141,0.700168808904452,0.747905809955819,0.716917243806449,0.720719176042329,0.577850823164385,0.75433375939132,0.66605153378125,0.764328190680499
"hdz-002",0.48058279884751,0.464664028484373,0.42245048249617,0.37752375514249,0.806005636584487,0,0.344131752313042,0.367743869383841,0.680720462149334,0.785418755980229,0.695812193832233,0.623368241263923,0.512192559483525,0.53416271898958,0.609582199620554,0.682458538542022,0.553394623878782,0.757850226516864,0.455517088964092,0.481939702810859,0.381000304616973,0.656833994772107,0.578391202234283,0.641194456190677,0.662558390945526,0.660109157527106,0.736129373271762,0.663678958477143,0.63660927569412,0.798183983443368,0.608849367845599,0.657219037541712,0.585477164986954,0.545023553688808,0.735140153930653,0.517198867447158,0.670913048377601,0.670408004144958,0.723123751326276,0.639288015331995,0.727396151113471,0.439296101891663,0.637806375114067,0.570102100320431,0.426619604029154,0.752167778356752,0.632937068617043,0.629357848215936,0.659185927925597,0.629719599642595,0.516424949191627,0.672001953610454,0.745711612134029,0.498620731107289,0.487263415831456,0.642517791996602,0.573053047727829,0.562579136558325,0.616129492476391,0.507149176457394,0.361185193290064,0.567608660496382,0.670886089901767,0.739470480568804,0.385873204544244,0.42865644156304,0.521344589733111,0.675417497637799,0.617723243300078,0.405279263169934,0.582695977685105,0.464630433046162,0.41776377776371,0.553970975955534,0.525079956655159,0.479333850052522,0.498601246573375,0.387287312109012,0.826704620732039,0.513057743306396,0.439339314777311,0.550701436447941,0.610326169880273,0.543620045945468,0.563836865692415,0.560526911155473,0.622548623852255,0.564942395109774,0.654350082079312,0.576665886701924,0.583306585259066,0.878691152902364,0.909121231647945,0.471860944060278,0.653441055050777,0.812023542665525,0.55243516175579,0.654393354390061,0.525184260771591,0.511935537169553,0.580494708055803
"hdz-023",0.28707903917684,0.561575496897526,0.336629459088726,0.426582571335138,0.683109232017528,0.344131752313042,0,0.299489363519038,0.573992200725789,0.64122722944265,0.737456151535895,0.495311226943449,0.566738373269691,0.551087975013901,0.532591480035905,0.629864572466165,0.520501890326389,0.65107145504537,0.292865877902234,0.428574825294292,0.415807450822606,0.645473713080622,0.632632587610399,0.568295388604079,0.727418431856351,0.568381635867022,0.634124316133208,0.5608664352093,0.625085812623447,0.762974047939553,0.518295445248321,0.581495254287905,0.464056656467007,0.501826843064337,0.689543981457384,0.479614432473967,0.725773720382495,0.645669041322791,0.653342604502048,0.535863655276316,0.670967677430562,0.451172764203677,0.482429659562881,0.593185796577707,0.542628797486501,0.791953110683305,0.589317142427173,0.50757243767214,0.659349322752054,0.609227848050314,0.531014105029225,0.566849953435463,0.614232593669232,0.328365435785192,0.401210497124035,0.513642116776465,0.564566214246243,0.498424966171717,0.504614670094268,0.377971629843288,0.293223823189895,0.377103884117014,0.562063372946997,0.611810849355743,0.436302412421542,0.232851938100812,0.472438956656212,0.638617924474695,0.63337932767822,0.501955916299959,0.631902218730708,0.51000784923901,0.408040454216252,0.332185208531738,0.36972636595844,0.485005276688957,0.570343654893163,0.368859665375631,0.77619686967145,0.486735582352811,0.429269421416461,0.397158719828338,0.649138253397565,0.516979454893107,0.490897888796707,0.463339414655324,0.583932944547581,0.496760925775619,0.620859110202282,0.539400264477486,0.482444562601215,0.870384317224342,0.874702854942871,0.330592770786714,0.610597374041924,0.763190344135071,0.465310771161447,0.499355797103127,0.397670982834972,0.319193848938732,0.583835079372007
"hdz-001",0.29077148841425,0.48608329910576,0.20316408112908,0.431459930071098,0.821445039596606,0.367743869383841,0.299489363519038,0,0.746488134226195,0.740715044457941,0.788202978692327,0.608676329223266,0.628148164386541,0.590892339154721,0.681550108975009,0.717111410803817,0.533813081550671,0.790992097834508,0.377228006546339,0.589820078412056,0.509894961984051,0.722644750741074,0.697065319471779,0.67938972074543,0.786599323145144,0.648825794161628,0.767928460097231,0.530335031988344,0.604139233789972,0.823621407594717,0.591555872593927,0.691321204380461,0.604309319440505,0.601595743485302,0.755585902269804,0.608211546552642,0.783852912513395,0.723345659319807,0.747732886514558,0.651933784393028,0.688526841679459,0.539844151735809,0.64763546327732,0.695150266065324,0.640869315576729,0.835429947296244,0.597295019291782,0.66194236431642,0.715833043872109,0.664802138764706,0.603562067124384,0.511251551168926,0.73067016346599,0.466409041982217,0.499837509899643,0.62612897754739,0.473574024057898,0.458149802499919,0.527075654422997,0.499292749656811,0.298031890658796,0.359528134022962,0.536387836716454,0.769084175301021,0.42302922112882,0.392780576743594,0.559192141317191,0.713855059010614,0.546061961392403,0.416898855174079,0.537211902139568,0.567503083316793,0.420737980419991,0.350755953275964,0.514089702379884,0.547845077860663,0.689750893256416,0.374110131212482,0.814836629479636,0.470925962109418,0.476775473809272,0.50781565272186,0.727414451825777,0.474720041759294,0.634718999064089,0.6181474027122,0.549923192245386,0.492378375165088,0.586846859735143,0.577908653041788,0.420622172754775,0.877968843357264,0.86349097618247,0.417249017325665,0.647070947829984,0.750355516294654,0.479307989033749,0.670236969990093,0.467559492595668,0.382311590149394,0.568669324967312
"hdz-050",0.675643192733256,0.721923366101876,0.727626960973686,0.717638459800723,0.518047455549766,0.680720462149334,0.573992200725789,0.746488134226195,0,0.641938515266352,0.509999795124386,0.534558615324668,0.588771589294237,0.552144709841321,0.363761828103567,0.564383151962521,0.439175007756088,0.474664190816122,0.600254222625875,0.393404854233592,0.644532372207466,0.364807258071303,0.467579911019241,0.5112859317603,0.358619748884355,0.562560243195776,0.507875679841038,0.74431687870989,0.461228560142076,0.596756339773044,0.384014402267576,0.341583628812199,0.460524545484843,0.49011745140165,0.625649368517577,0.596868116006262,0.367298608160301,0.372666117200752,0.631942432481834,0.354888273511323,0.578668794549174,0.6195886633073,0.440436807242987,0.496586763009058,0.50122823416709,0.61897614238603,0.753464600159122,0.244292867811788,0.424625865182255,0.486409919864316,0.659395553233439,0.750698191923427,0.551726227167231,0.476535205878821,0.435419468958554,0.575125842418075,0.667836123943042,0.823437708865618,0.600495724260383,0.425275871765799,0.743901907233163,0.732094313016243,0.647380213217844,0.489353286319996,0.770896153793272,0.56437046595799,0.589293832489934,0.56784726695304,0.848790827658106,0.789174182510752,0.826383542785159,0.523483350990097,0.65729384266178,0.67865975203518,0.428498797702576,0.644473035799314,0.358894632054947,0.780467060139328,0.55004304562325,0.575532924118767,0.700425726622727,0.471419167325959,0.40445170998936,0.756079879690124,0.423912555337143,0.310749877472053,0.536710445283525,0.73119838337398,0.783533641898181,0.493318318839601,0.754451946640454,0.846500928353471,0.896446688526902,0.558688579881728,0.486910847475354,0.733512031162518,0.441789732095278,0.233462505575837,0.618146226420708,0.602367374751582,0.459419082062834
"hdz-036",0.734712814985714,0.815530186223348,0.702186112875978,0.812062265852376,0.476509604066397,0.785418755980229,0.64122722944265,0.740715044457941,0.641938515266352,0,0.70279525716329,0.434952489062933,0.721518201112889,0.70840534973264,0.534300717911215,0.509118155670313,0.729176571183377,0.513381160346999,0.667616971534875,0.627872130206955,0.752908347419338,0.707205455621447,0.718051563426021,0.535253322054056,0.744621532665848,0.57684248979788,0.348731706058254,0.677301176248199,0.744440186444912,0.721416690627374,0.664707331773948,0.578518618055483,0.576507496281269,0.575164517722923,0.52511258388731,0.652354621025699,0.777689930027151,0.727188476684109,0.458893889683567,0.548590852854561,0.393451588618063,0.772264539600524,0.512213575936318,0.631251414488702,0.74637425649224,0.772995125205416,0.682900677998186,0.600875027823994,0.719082011120059,0.603374229073382,0.728839293329955,0.765441279425487,0.327854687028461,0.628398949494582,0.690768750444098,0.430586027634765,0.738358344338634,0.800730386044161,0.654730810913343,0.629278418457197,0.767940944093671,0.613650308594898,0.636259538828879,0.440841244454501,0.826919952546451,0.685629694066141,0.681586960295663,0.678894394802138,0.843732167024366,0.828464345487212,0.809183367700192,0.725930448038396,0.791707222330449,0.650746435452541,0.641392104425173,0.67339536268278,0.757889026997723,0.814388185634421,0.728328929913142,0.606039921168611,0.679545556156213,0.669477884484237,0.731916826969361,0.719101128861604,0.479678925745143,0.659032768382468,0.670871723859763,0.642187466428649,0.629627546442349,0.591391025326496,0.729221223767516,0.754189376566238,0.766353042543199,0.62357614400821,0.61262300357697,0.523858505164644,0.663381285509836,0.556997207576104,0.637659486124178,0.621600580291,0.786421000905449
"hdz-067",0.735760431768549,0.773929458402802,0.784104344928749,0.717025814829765,0.582404338884324,0.695812193832233,0.737456151535895,0.788202978692327,0.509999795124386,0.70279525716329,0,0.604499815116006,0.614796547558298,0.613343366650178,0.609478899138574,0.523843601745616,0.588715169768184,0.575369761748918,0.751010655109896,0.616205363526205,0.627763564403055,0.448357978716642,0.599326468001549,0.546241574752356,0.423293723263056,0.573220912622575,0.585865177279922,0.826751059269066,0.654165016067272,0.386427947465081,0.608671337796496,0.60518281911357,0.667716465990428,0.625283340596058,0.556221370948455,0.636599085443535,0.37500504825166,0.441127458361321,0.574284536363275,0.622242739374834,0.546018277748424,0.569225923358306,0.533182942257954,0.588532658561099,0.545776368744037,0.447539964086065,0.687317712765852,0.559100013599906,0.486863802770267,0.605313836447642,0.700152830225743,0.815516841511526,0.620378087769756,0.713974921086279,0.734593662878713,0.678852640680624,0.78926428527648,0.817648112383145,0.802115845739728,0.669130274056326,0.75061072321137,0.821370196657386,0.83139777449387,0.575669735254222,0.773397229702533,0.743983447067179,0.69062880063547,0.305831946953813,0.852170214933348,0.78403426516372,0.79685433687923,0.627401667374861,0.755752126684041,0.802769033913936,0.703984195118984,0.718329217709377,0.506059508506547,0.805923847599444,0.768202666791656,0.698127897107787,0.74141230819865,0.72824473278971,0.430207562149848,0.795899519934513,0.6761762460838,0.627327667169743,0.686494072214125,0.814583496396912,0.793458758761172,0.630697982571932,0.779166377293606,0.7468001791709,0.874421933128569,0.731248915825469,0.70713977612527,0.769657886944163,0.665231309771237,0.5735052323413,0.765042412616538,0.719996277738269,0.641816462808293
"hdz-186",0.581481939179206,0.695298611571365,0.579491329046123,0.6672787610062,0.678344460285185,0.623368241263923,0.495311226943449,0.608676329223266,0.534558615324668,0.434952489062933,0.604499815116006,0,0.573287152733977,0.595879683348222,0.41463971110996,0.35267902028914,0.528939996092126,0.619935196302383,0.555815282758212,0.502762470453874,0.629315995802895,0.561615895075541,0.522751246945568,0.266956098239081,0.673622697416428,0.317544004772359,0.40774164585888,0.58105392109201,0.547012137801448,0.64811588325678,0.483123320290198,0.356589279138183,0.439358437434576,0.405379912998533,0.496827576826967,0.519012958111718,0.660409524760111,0.581228308545229,0.429059998024845,0.398675187401841,0.352512040789495,0.645762905718174,0.375174647023219,0.4969395679947,0.612276012898267,0.737471667980124,0.550758410919248,0.50869843386561,0.57159201146366,0.419257436836912,0.602309310967935,0.646591610411543,0.417834185916655,0.455553619178942,0.540657190049452,0.217028047002884,0.587058518931393,0.734008140610143,0.530659953443788,0.430942626007693,0.635844872025146,0.490151475623841,0.517370120388959,0.573047935776349,0.701629362841375,0.517855253185034,0.494712099502223,0.511921315009321,0.777758675239124,0.732371032295511,0.728061326755669,0.499972030418978,0.650229236831684,0.537674677002223,0.442483870737838,0.51349726590173,0.558911164737122,0.683755568210438,0.698514175365386,0.413009455754138,0.525162999713567,0.512030156333489,0.601619924557973,0.539235266427457,0.387872143361903,0.499408140047011,0.469585016587697,0.540474668307566,0.586022590335806,0.385839388337447,0.637754664064754,0.841081739515235,0.838016910861975,0.502527730658247,0.45568209158482,0.54729029784224,0.473566704902932,0.445094743423003,0.502809017771838,0.52006232400708,0.587579578558895
"hdz-183",0.563797875381315,0.552405945132049,0.671658750671086,0.67316688430002,0.7798653930135,0.512192559483525,0.566738373269691,0.628148164386541,0.588771589294237,0.721518201112889,0.614796547558298,0.573287152733977,0,0.421085126645822,0.36347578208536,0.514796885519847,0.485522417089044,0.703682570562656,0.607707087495473,0.39265926121837,0.408457505651155,0.544388995301755,0.376937559799229,0.487776908863991,0.605404444077468,0.497660788964308,0.632705271174525,0.598525540661693,0.389608172794652,0.720102818486391,0.536679326757224,0.505763909436763,0.346787634296073,0.355900390493069,0.514485358876546,0.357019752952705,0.583447068498694,0.569795695284249,0.628440476817989,0.415275731027048,0.615583829663072,0.435016368807089,0.569789676113244,0.313767038818722,0.350656529311018,0.687856159991063,0.481650971368761,0.510463418952503,0.552239223969437,0.436796515159431,0.366456254084765,0.704161925892722,0.599487896447275,0.535854968888049,0.573360595169613,0.609502873504436,0.52851625169972,0.712693433339534,0.555841170392868,0.511138038460909,0.578907591645039,0.62957752426411,0.62610525617169,0.668973384360584,0.676761322866622,0.55996161549652,0.512485387316299,0.656573544543219,0.755893607607043,0.641214263139722,0.739529078692265,0.528535315777424,0.623882383326384,0.686449276344497,0.559336220604093,0.400301255768593,0.496431346803382,0.608191758381197,0.769875863784396,0.425032796051333,0.448050184025096,0.623719949060157,0.508886161248572,0.476076362168188,0.385994774035618,0.53909410546568,0.446019196263795,0.545022648726982,0.648736198886953,0.388450252535916,0.5531213462084,0.817014715802698,0.824237838518637,0.487879666656494,0.435844759966714,0.730822329546535,0.516704353994342,0.567100819953555,0.451748562114575,0.615341756840695,0.520826209755434
"hdz-195",0.588005366539472,0.650761291000877,0.60963642833828,0.727625907229688,0.79316846770401,0.53416271898958,0.551087975013901,0.590892339154721,0.552144709841321,0.70840534973264,0.613343366650178,0.595879683348222,0.421085126645822,0,0.459932466811483,0.50615066163653,0.442800404494011,0.740036505103675,0.601167145640445,0.357686009156631,0.431530192573392,0.407672091108471,0.498425174268808,0.646757031767262,0.562968582960624,0.637118080548875,0.724296067360782,0.71979188577714,0.526743029357044,0.659349577752075,0.44096942076753,0.57942500951314,0.385898188409485,0.490667538078572,0.626657953278151,0.461847579412304,0.549430572889767,0.437985481650437,0.645615553418623,0.482186956553677,0.688203013115138,0.430783589500299,0.491760457388346,0.406465080759229,0.297636355627062,0.708344393860659,0.562045770608189,0.434595708786023,0.463869319723015,0.455024851942655,0.429045312013289,0.650820814652256,0.6841630650587,0.44366342754063,0.492971063201213,0.550550795120754,0.590540996756927,0.657801483631275,0.64046344858428,0.35131205732087,0.496689531943285,0.630534937810524,0.611626047072187,0.703499049170833,0.683669138840656,0.508790784571253,0.560658444192697,0.574900987236404,0.694851409413775,0.655452834421841,0.681668456272192,0.394847078983083,0.551112502346129,0.620870487985011,0.447926885713228,0.536504782900968,0.452954394837204,0.490622958349876,0.749765764324499,0.465635046685616,0.558091756110042,0.577126719638304,0.459440902870421,0.512645323607571,0.403301435235655,0.440458886020889,0.48544049120263,0.514780006494657,0.683782867290707,0.459665568665387,0.57561291753287,0.794892167019338,0.829197903788057,0.424730525797291,0.47927533752337,0.751228404276526,0.340622848139156,0.45869419734173,0.484062147843999,0.528572782867234,0.517855906386174
"hdz-161",0.599388572034052,0.619829172654082,0.680551383925274,0.679870875840499,0.614293024377236,0.609582199620554,0.532591480035905,0.681550108975009,0.363761828103567,0.534300717911215,0.609478899138574,0.41463971110996,0.36347578208536,0.459932466811483,0,0.439055736148823,0.387285749575652,0.551457485327554,0.553135376812325,0.309246007068227,0.539921507382044,0.49492338731507,0.318045212525445,0.396084385692773,0.549383960016085,0.503416276804236,0.390325916291211,0.642776041989614,0.384958252106448,0.685017780214319,0.391163850364057,0.254333958483123,0.212138841159131,0.229931386011582,0.481054094578171,0.354130763365793,0.549083378775647,0.518484745083165,0.524859354373049,0.19215048379163,0.49613599799632,0.564894989161815,0.424802994055552,0.23914341096777,0.406902252195104,0.680795993165308,0.635991100172823,0.292487182661432,0.512165844563983,0.41319072895342,0.520766940967284,0.704505758042941,0.438975043409816,0.472548208578332,0.472997629376937,0.425331390402024,0.570935125635588,0.777761032351364,0.554157339876336,0.383471208999147,0.679414602862084,0.565791786173182,0.507965429413655,0.534002270554319,0.747288333296704,0.479249856152947,0.432790423419808,0.625915079449722,0.814391270180832,0.73853012181833,0.792352395800385,0.532637859559754,0.658300448329803,0.634384564065907,0.444803447138181,0.397576870003142,0.416322083342529,0.701002035483167,0.66348532944442,0.360922820533295,0.492734816145056,0.494466909763956,0.519480214372243,0.542959111639055,0.145028240232766,0.366215192636822,0.451046073115225,0.53130544118334,0.645212310819629,0.205535402043023,0.663670853153822,0.843255883993007,0.873099487765162,0.480441902184227,0.298994680853423,0.615251069917037,0.449197518080171,0.396889174711851,0.484773126326422,0.576310848664221,0.479117013591829
"hdz-162",0.649048598474204,0.728199053447282,0.707851835475584,0.727284579193337,0.692676070037999,0.682458538542022,0.629864572466165,0.717111410803817,0.564383151962521,0.509118155670313,0.523843601745616,0.35267902028914,0.514796885519847,0.50615066163653,0.439055736148823,0,0.572970904782736,0.643078129155595,0.688788516207947,0.590822514161058,0.608720740800069,0.450911765186103,0.452641501630913,0.486396968725598,0.617662623564574,0.523907672392027,0.42595419897458,0.704784912858995,0.552100939104352,0.567429229143324,0.506943839293292,0.44285292692176,0.452487403508025,0.453866937806482,0.345839856027385,0.434910710445066,0.58571172411548,0.471337696296606,0.263972849988474,0.451901211227206,0.46842751214013,0.600652256054819,0.42654408306543,0.339034808931937,0.530866985103268,0.641880163236428,0.52945355513542,0.53007251236862,0.458648286054292,0.417155459713513,0.566212270007421,0.762570589179298,0.48009198660826,0.575526965797493,0.633887867130797,0.363901692927257,0.671779624649666,0.754913761650285,0.685242006895057,0.553122330834005,0.674432697518027,0.620010748782363,0.661468306423093,0.601600924045292,0.746630527553131,0.631756780100629,0.509323227774225,0.468305088620434,0.788720988464042,0.750248268432796,0.756487361601725,0.515470287136185,0.671808575119912,0.676213040866752,0.538663402444787,0.535145251415271,0.558117085105689,0.71753165760603,0.806384037432172,0.532795253024448,0.546953866728505,0.634676211656194,0.530010048702418,0.616650851401448,0.436695407183078,0.537843139555371,0.483608018269456,0.55033564982261,0.536987593648467,0.410438918604157,0.682762650722398,0.809440551613268,0.806759189833321,0.607007051369091,0.544171207383916,0.618588680710993,0.548108704250199,0.48599623748655,0.63429426892969,0.620089196912239,0.609731312465839
"hdz-170",0.506776006312854,0.641023697085436,0.568901934163636,0.63945236660816,0.67751731890364,0.553394623878782,0.520501890326389,0.533813081550671,0.439175007756088,0.729176571183377,0.588715169768184,0.528939996092126,0.485522417089044,0.442800404494011,0.387285749575652,0.572970904782736,0,0.631695770181722,0.527367371713126,0.322952786153231,0.525884380480218,0.479515307275284,0.471887317557708,0.520954771740583,0.488488463910764,0.55151595473279,0.629225126217436,0.711804601774753,0.360299948957672,0.684712740353639,0.350565327365694,0.459889711307883,0.404023813467611,0.390751597937449,0.664969361965975,0.563398268858622,0.537892264416457,0.501193581579012,0.670564677304503,0.420758055575923,0.564265897918466,0.521727479832433,0.48155905706098,0.451986713497097,0.400692737358359,0.695692602795442,0.688512532386132,0.360564831298087,0.522502871660796,0.535169815646417,0.551927355880499,0.636426076364522,0.638829309483769,0.430170460544171,0.416200962263887,0.54390398371354,0.549056935279385,0.711211395805927,0.598479256766918,0.285562566315454,0.604101032532559,0.665826879741057,0.609709661671413,0.622158465278439,0.687167509051658,0.475580261270848,0.550241422906541,0.632824178394479,0.798566815374555,0.682906053800194,0.784233035029835,0.419800103528263,0.547662861563666,0.654653654441588,0.37822811315634,0.512473417714996,0.317376959445096,0.628370368580087,0.708816557388549,0.323880719647648,0.590768744407758,0.450937390249999,0.480984000491312,0.570029335504741,0.435437006143632,0.298264240627542,0.444922210694779,0.637578804133225,0.775180977768069,0.303265752326797,0.651460166767785,0.82995144018082,0.888611980125643,0.510765190502665,0.425020380132575,0.675153018042477,0.275164894113549,0.447282512526908,0.539649598347367,0.573083423046958,0.34693652983816
"hdz-099",0.699615193653074,0.804148347345388,0.762079178494585,0.743230177504439,0.310517498964001,0.757850226516864,0.65107145504537,0.790992097834508,0.474664190816122,0.513381160346999,0.575369761748918,0.619935196302383,0.703682570562656,0.740036505103675,0.551457485327554,0.643078129155595,0.631695770181722,0,0.629213269636971,0.532313102081788,0.707249554781265,0.617098283500023,0.72898650290543,0.564165057374713,0.581749625727447,0.61669704654708,0.34301006542678,0.746920076950391,0.731675893950198,0.574356214055398,0.600187095989936,0.604593705972196,0.621181576801788,0.63556972147277,0.550538652261249,0.725492758230717,0.594393934661834,0.655753003540422,0.592349183981961,0.585989751656689,0.586047974348964,0.676035082030552,0.442977129196773,0.668309801389183,0.657139536246436,0.493007944661931,0.745430947624352,0.483775561365812,0.649470875573307,0.710312138578414,0.743827748115052,0.777926673801107,0.501111339147561,0.630986150249628,0.624998819041761,0.643409766550449,0.82181015707835,0.836377148007564,0.720836499628324,0.621859711206373,0.802175429019787,0.780783756582384,0.776964751349432,0.236819069278928,0.798364986592448,0.657698902724499,0.76691238250696,0.622843913541789,0.862661788639742,0.82167060676897,0.82357721836148,0.729030561322181,0.779953816181039,0.679184294670836,0.619536974835128,0.740963634087688,0.645645518199012,0.84987396948821,0.734443641049509,0.743901762831834,0.77943538202667,0.637316143472309,0.653523538280625,0.844429271389802,0.600527083439608,0.55620592602459,0.774606404633131,0.825571718632893,0.806103554764997,0.679243713251095,0.814526768873908,0.754182646103413,0.860450001655423,0.65891792513788,0.703944468342543,0.67891425969995,0.673958344926139,0.509298399651579,0.711157112681945,0.630777569228897,0.708731090981613
"hdz-101",0.374256632170911,0.584200814818918,0.385185257531177,0.426401373243366,0.667003593703983,0.455517088964092,0.292865877902234,0.377228006546339,0.600254222625875,0.667616971534875,0.751010655109896,0.555815282758212,0.607707087495473,0.601167145640445,0.553135376812325,0.688788516207947,0.527367371713126,0.629213269636971,0,0.440376716440692,0.405012655392662,0.691639697721325,0.649918794730593,0.55910100469372,0.734187598164657,0.603816062189318,0.619942807639616,0.497217566456484,0.647780078176682,0.810044417508721,0.559848388615043,0.587358150170683,0.532056648169715,0.520254342526448,0.74085774946975,0.61047466608843,0.725868581833789,0.674387431430626,0.682197407240966,0.600332278806425,0.672298894373823,0.432445881833188,0.531344277296511,0.623672020163877,0.551258964732582,0.786706370351847,0.60387945944705,0.542872411902182,0.708672706383905,0.653135362776679,0.579685330934028,0.619900738511137,0.674359099099799,0.376262309150563,0.372649061106384,0.548862412319058,0.565055821592447,0.514174657776121,0.490243196526889,0.433717267660597,0.405809376231169,0.426902563458635,0.546688521188039,0.593400208231245,0.436685640286472,0.364313542937142,0.615365022683155,0.678212108407673,0.622846657817002,0.484136615695876,0.660607702268925,0.570575281039283,0.477952378670073,0.410189296935646,0.425080839904411,0.449113060261307,0.620048069077864,0.503068578441974,0.762615375298857,0.5460417476108,0.503430081987086,0.401097508847826,0.655355782491543,0.55193430568695,0.497024011738943,0.396822661852019,0.614223671967577,0.504149117942451,0.566761997641554,0.564328438476159,0.478220662040363,0.862322516367538,0.883731355607393,0.35805704377132,0.583746036802147,0.774894102007231,0.536332196466796,0.537388611244806,0.452161754921471,0.25729924275423,0.592676352161389
"hdz-096",0.506229330155635,0.585373849137522,0.588759055777441,0.645356234575666,0.624637997744879,0.481939702810859,0.428574825294292,0.589820078412056,0.393404854233592,0.627872130206955,0.616205363526205,0.502762470453874,0.39265926121837,0.357686009156631,0.309246007068227,0.590822514161058,0.322952786153231,0.532313102081788,0.440376716440692,0,0.405667786318772,0.528136526941218,0.495466239536583,0.505564009707591,0.533875539107187,0.526025163519484,0.544061045690226,0.629931107988414,0.46834704317684,0.723090609672877,0.348727668469345,0.421541066104595,0.331045152030758,0.291280860753931,0.653674425456226,0.471315376923374,0.548177494234931,0.538780056811416,0.665367267209154,0.38881949594712,0.566686632161166,0.447784210623788,0.382975709542086,0.38650855331416,0.276248381611778,0.690816897911785,0.639252297653559,0.304863605821847,0.554497433778842,0.520339470419139,0.454855989008101,0.618950872634264,0.604402795802214,0.361001295922901,0.34864439886308,0.522466034154317,0.595366682037008,0.718133886240907,0.594687638835876,0.299284137907744,0.589087502887524,0.6054562986011,0.576387078948516,0.508945908845877,0.67416822300812,0.399867709223801,0.567337434204299,0.634187113344296,0.781019144916993,0.662214585219044,0.7523743849375,0.468334937159239,0.591294340561199,0.577718592829655,0.388406492313861,0.487091772781202,0.394765934547646,0.610144612567152,0.660733690416448,0.396631077550051,0.5357268600407,0.455426198841201,0.481941286830706,0.566585398484767,0.264356742484524,0.32745549819071,0.5181207258578,0.585736683115953,0.72521078147025,0.340311880322361,0.62236254987488,0.837010409816279,0.899641079639274,0.343519045240904,0.404168089055921,0.683148915808204,0.353769033586015,0.380682286925076,0.454921343868186,0.426091832336547,0.426229513048411
"hdz-106",0.424978327372421,0.570258013036224,0.570059165611823,0.491734889538234,0.759972047115449,0.381000304616973,0.415807450822606,0.509894961984051,0.644532372207466,0.752908347419338,0.627763564403055,0.629315995802895,0.408457505651155,0.431530192573392,0.539921507382044,0.608720740800069,0.525884380480218,0.707249554781265,0.405012655392662,0.405667786318772,0,0.560103780271448,0.522038817897027,0.646306184416626,0.597934929981529,0.671529915145623,0.699655265177973,0.651252937163725,0.584955012570331,0.748305111446525,0.553529241580293,0.605073648704534,0.519907248730679,0.474845221623454,0.674269699097276,0.448354970071997,0.583734492368106,0.551660263059692,0.653661588531495,0.587054598410199,0.699636189939043,0.258771848158275,0.576572020184003,0.484167304169791,0.300720695168811,0.703093148964384,0.583894557582714,0.538689552608036,0.579184520161476,0.600526130130775,0.44985062756944,0.659894253049837,0.70555347491292,0.466005037993401,0.449737840241604,0.676086936143674,0.580918087826433,0.578780417193178,0.656657144828184,0.501650313665519,0.414056659660536,0.619201707609473,0.667311014081467,0.66863683408729,0.505873578467125,0.43969207072684,0.546559909111248,0.590730783581509,0.670983687971025,0.46897355895406,0.662608608742049,0.49658204076959,0.496231569684005,0.598390770022346,0.538851528859759,0.440008442801196,0.504299083845189,0.494939881724561,0.824014646591045,0.519329179055596,0.476764456125672,0.509383089405264,0.521955181347001,0.549161227875095,0.510837288330876,0.504827495499607,0.577992109315659,0.551065130533322,0.615486726841351,0.510368763403614,0.543902199225385,0.843576880120707,0.902032231528017,0.345198641186267,0.628165378994768,0.814688719440405,0.552286759449595,0.612185883011204,0.509149818273344,0.445523568618193,0.522465329655565
