"","hdz-013","hdz-014","hdz-021","hdz-011","hdz-010","hdz-016","hdz-026","hdz-024","hdz-020","hdz-035","hdz-040","hdz-047","hdz-054","hdz-069","hdz-064","hdz-063","hdz-057","hdz-071","hdz-065","hdz-187","hdz-184","hdz-181","hdz-180","hdz-167","hdz-060","hdz-174","hdz-163","hdz-098","hdz-102","hdz-097","hdz-087","hdz-085","hdz-192","hdz-264","hdz-258","hdz-274","hdz-252","hdz-249","hdz-240","hdz-272","hdz-250","hdz-270","hdz-273","hdz-262","hdz-271","hdz-203","hdz-266","hdz-394","hdz-196","hdz-235","hdz-198","hdz-326","hdz-330","hdz-318","hdz-317","hdz-308","hdz-314","hdz-319","hdz-324","hdz-305","hdz-310","hdz-320","hdz-301","hdz-241","hdz-327","hdz-236","hdz-230","hdz-222","hdz-398","hdz-339","hdz-321","hdz-221","hdz-408","hdz-219","hdz-220","hdz-392","hdz-229","hdz-405","hdz-350","hdz-224","hdz-215","hdz-227","hdz-226","hdz-388","hdz-352","hdz-354","hdz-361","hdz-452","hdz-426","hdz-442","hdz-445","hdz-311"
"hdz-013",0,0.420517191490959,0.376562547639522,0.478196566065324,0.607173505658162,0.316992656922107,0.546248765035263,0.63571572987679,0.602956055095747,0.660910424998147,0.576627470581867,0.469575731068099,0.568393746727328,0.511690884600192,0.598938659295745,0.468245092659375,0.536990909571349,0.381678268754425,0.547710348600196,0.299368223655484,0.399733113406652,0.485563573821438,0.562063066311911,0.374314415457446,0.312447187157153,0.469589041976569,0.370450053389376,0.652667642078724,0.529527507148149,0.639082436252001,0.369600792126745,0.60114736976847,0.592181742018888,0.738808630487846,0.62921440225005,0.458160212026794,0.60791989348767,0.388415915087289,0.655042638874355,0.304330477732097,0.265038671777991,0.469033072546666,0.287078287739501,0.457431051188132,0.323941427824377,0.436202639315059,0.366766314649396,0.60707481506489,0.457489860597731,0.575805282041796,0.498397178002624,0.408246407082987,0.509371322519081,0.531693513968678,0.391748855802047,0.430998556963567,0.625843434378154,0.567916184078586,0.375956160580007,0.430281536918014,0.445431750990319,0.472006628818872,0.435375881414966,0.357346813984142,0.664189187343834,0.683265883413897,0.518649422324312,0.349971443818086,0.478017300939793,0.724217761493003,0.788836037017227,0.352990686519578,0.579060932904671,0.686728094038358,0.588954102119507,0.668757567758875,0.499756297546486,0.550162223147152,0.539070776109181,0.673680555716918,0.685586687953375,0.694893315473064,0.58119754623193,0.589391811848535,0.798958204349241,0.788137921322854,0.889292563423884,0.693446315821355,0.33512372009981,0.680573891480066,0.466015245316971,0.515195452405873
"hdz-014",0.420517191490959,0,0.537838904805363,0.416192183303941,0.383961280605181,0.416056214619773,0.487426798157753,0.632606086656269,0.663024167401934,0.574127772863413,0.57814829865708,0.445297200794592,0.553378340531466,0.455879039725213,0.614860823240668,0.367599541129974,0.592228707536429,0.383964626307673,0.599515287936522,0.317257759796745,0.355996123384009,0.31700537629951,0.423451139986575,0.404968138765229,0.518638270529001,0.361908333772309,0.30131304037799,0.603312793723503,0.377194977718145,0.51934377906356,0.354634075190303,0.511473676993734,0.398275803125784,0.640649030889245,0.631318870112762,0.303348772598881,0.54002693705447,0.341176530805909,0.454925718901051,0.547146720646977,0.511879482787728,0.322975147939982,0.463724938453895,0.266336328578486,0.476186302240133,0.35890440658591,0.55301572910584,0.533792469007398,0.476167562271201,0.342857877254823,0.476913607596273,0.413137442428716,0.460747712316177,0.486951332512651,0.27754091215338,0.644664025394629,0.742942200592714,0.344086748801743,0.481757773767086,0.292251263599668,0.66138337879634,0.402241792617656,0.575290082840772,0.268051835568744,0.576826731413451,0.581694882250468,0.351179695844845,0.386833504377443,0.416249587694086,0.65896733466115,0.536885592823301,0.511269782589058,0.48859477690819,0.71795689841708,0.582108054741998,0.635019883855856,0.324467414956312,0.514800902066084,0.71215298592366,0.730422106701585,0.601676796297707,0.62414599838744,0.488016125245697,0.640049823461387,0.703943476363592,0.539627422851272,0.850609719906788,0.69224312639439,0.434722586929045,0.685677808495836,0.707023841426465,0.683002114082808
"hdz-021",0.376562547639522,0.537838904805363,0,0.40925560479271,0.701243839934738,0.443810098992794,0.667816432182115,0.73762972728007,0.689505706906587,0.6552475358853,0.715889064064227,0.597811959164942,0.640861366666532,0.620250437542111,0.732156418434081,0.511709578131878,0.720664976439504,0.554006259686086,0.675997977831588,0.45641236391069,0.562486139275157,0.658844636743095,0.608573634053769,0.564207803947355,0.451467452074201,0.577878098913082,0.490438389616154,0.721889819955084,0.592390557936436,0.680369069493488,0.50179826886676,0.726288286743226,0.670720720161003,0.774651181984664,0.660482669648964,0.621088049172081,0.615613502337469,0.376222669475913,0.752082422458613,0.220429469826276,0.30419752276709,0.555157958648095,0.264374256070906,0.568005099427638,0.306852901250047,0.61420453950409,0.251489596391651,0.663610850792753,0.550104191547015,0.686190613986262,0.54116240461784,0.40527449563418,0.575691274051732,0.426285377156742,0.443672752912282,0.408834437379401,0.594328921705554,0.653673653555851,0.449418290151305,0.502519994422363,0.44086649369272,0.308388646674507,0.433641100056887,0.522034967413361,0.746380251970813,0.76357367169616,0.615053233701649,0.544945432218283,0.559253896839163,0.80809291213724,0.747053975581,0.358131099289079,0.581144436718203,0.669820461670993,0.736312381853505,0.670326464491418,0.583885640212349,0.671593974532383,0.560330851391165,0.575426309166092,0.734580598203553,0.805134034141809,0.686777869727287,0.680674162170076,0.786542275445899,0.77117533459905,0.887493122370772,0.635918145188197,0.323610859961161,0.833267021044454,0.372578165288251,0.503953646908856
"hdz-011",0.478196566065324,0.416192183303941,0.40925560479271,0,0.614180134003844,0.394859186719952,0.559499307916512,0.732521422867808,0.733219095812934,0.617520668115263,0.724068882878212,0.615006696408021,0.630519540190571,0.637135072498816,0.694106636561837,0.46997018041964,0.722722578250293,0.490037980337023,0.694152920092349,0.338375785459681,0.491633492788011,0.557246062706219,0.550142497832364,0.454899458266766,0.514454320698866,0.499740621118869,0.493220445939235,0.674832972158604,0.547952978779313,0.61635148811972,0.36161168910633,0.604986143915509,0.548166226182107,0.665094417828405,0.616757785456947,0.543378752188737,0.624258273580466,0.430135934749905,0.56512353564231,0.440659505181439,0.432035338132164,0.5165046325595,0.413027703136657,0.439259353332611,0.394264222894909,0.458843583931454,0.491660875237985,0.647862565727687,0.409880041009486,0.52024509854307,0.434110260820109,0.263751825895936,0.446286903153688,0.458731174252541,0.418206360117169,0.525982308990246,0.788153965867975,0.565218781925355,0.573825363877238,0.300028789856306,0.692539974155436,0.49786068012788,0.536406044905898,0.387763821429986,0.488291745637773,0.673919640762544,0.454571787102262,0.533790013803527,0.447995906588593,0.736147789071567,0.557473384804184,0.414802358777761,0.598954415629776,0.812357788457896,0.723238072971239,0.670984919812324,0.468778761102412,0.562193996878311,0.730174450322553,0.740422545922304,0.626329054846061,0.684765123134058,0.519217329069531,0.715946970079421,0.641505712823366,0.576998828264454,0.819003902937603,0.79825182673117,0.416663164696396,0.68609433267835,0.611448081593927,0.749909755811984
"hdz-010",0.607173505658162,0.383961280605181,0.701243839934738,0.614180134003844,0,0.570549980806428,0.567791705518342,0.602409703223775,0.658694494710176,0.528905431234816,0.596243480539818,0.48496682008156,0.660248315315484,0.509017078826165,0.562006217311376,0.51186045002468,0.577896546517133,0.568825288689706,0.60148406411551,0.543014742415719,0.396436592587992,0.296080287041985,0.312938796811988,0.42534382013346,0.645050059961477,0.312923077261165,0.457143317481244,0.61211734089459,0.595130941856349,0.49556291166309,0.49217953911106,0.500493271721066,0.471687785839898,0.566807442300806,0.757534744222885,0.359319157113366,0.490736336409783,0.485167926759811,0.488100284130198,0.715236514082838,0.706297221081573,0.549880196242731,0.646569870009085,0.466480324390133,0.655647748333767,0.565830102686445,0.670179053855549,0.614991926153604,0.512491027144918,0.42247888638279,0.659333587511262,0.605386678776887,0.638292766319275,0.577288323468317,0.504321920239318,0.710716683662457,0.836719369211595,0.336795384961421,0.625021195862043,0.476539053304596,0.76888203081654,0.599661399952547,0.732829115377891,0.445214349741551,0.711508885056686,0.518328531895829,0.501622583769844,0.573463285452881,0.650202647083902,0.522344675330793,0.488855763122072,0.607175354753142,0.524564250784222,0.747989609231428,0.570590179623396,0.569253702303115,0.52027875890267,0.623087116987215,0.730564781842745,0.843586862065484,0.578408941623873,0.542766545303145,0.594536131626171,0.585614884816301,0.739300236192042,0.457793989160348,0.772048082373371,0.780321593754371,0.5948809275023,0.66029855473607,0.759640644397822,0.776291744188373
"hdz-016",0.316992656922107,0.416056214619773,0.443810098992794,0.394859186719952,0.570549980806428,0,0.441571202106752,0.611731042893135,0.587393924030911,0.619115448824479,0.557731750437993,0.490778339225607,0.557507941961682,0.518574248191943,0.602206288582664,0.417928119419075,0.564754419302375,0.472758559304817,0.573689225928311,0.229441601219457,0.41134417499834,0.430138241953934,0.525408163924708,0.445653573633193,0.302113551438536,0.458990466312061,0.384247908077345,0.669485373063114,0.493393444971352,0.645601893794297,0.328350201992853,0.569018154451446,0.565394421906571,0.730574427524742,0.536310708251294,0.422290351416629,0.628055667722059,0.325169396324543,0.516622526803721,0.418525814217942,0.362448631969711,0.373841572903308,0.348803165914594,0.37524722348868,0.369081051042987,0.453959766893548,0.453585851233352,0.625673470767855,0.321504021244045,0.406466007205792,0.395973652759752,0.381896059895657,0.434447611785398,0.452002619463989,0.470413670904352,0.454458357939442,0.708295555463815,0.554202002098428,0.572345166568571,0.394113302104764,0.574914045629786,0.503629517568047,0.46189574025268,0.284532499023735,0.538124414628351,0.633325976014901,0.386007611238834,0.476404781048995,0.479313986028772,0.716179440215643,0.623702279427913,0.392888698163062,0.522181649864127,0.684634809247292,0.556327456853608,0.637048858731734,0.443484468718453,0.35637308186557,0.582817712005362,0.674826281739051,0.633832811363714,0.702793260572289,0.560859777201299,0.571268138969651,0.664572346112748,0.640164618095058,0.865470068361438,0.791916533438816,0.235737808964386,0.747817173712816,0.569016487847425,0.646754286335959
"hdz-026",0.546248765035263,0.487426798157753,0.667816432182115,0.559499307916512,0.567791705518342,0.441571202106752,0,0.460381031315807,0.498979515479332,0.538340501803076,0.418807471028767,0.531630866280579,0.404964899394976,0.565143932677432,0.419442472042505,0.532164699095266,0.393736920188665,0.516304637097236,0.397815813046676,0.435326717579404,0.549164422766261,0.533234122342963,0.544944518770606,0.556071689838037,0.581019852806232,0.544801870427582,0.490451336653585,0.499188648473084,0.56761673606331,0.662614896276191,0.489040381973051,0.366115745620614,0.474823147707367,0.585869383498599,0.60149121445935,0.538753572709587,0.609339670473725,0.512198145646654,0.544768208512103,0.666855979199316,0.639593574220775,0.482103188100443,0.594200029231988,0.389615573240624,0.579887182667762,0.486730469986115,0.657076981389335,0.51876454194322,0.538175664314962,0.398717075454074,0.492519479731239,0.554156483718974,0.567043456444593,0.576142177132459,0.603834809281048,0.641903046152171,0.777502936919176,0.590624331952944,0.625315112023062,0.502063582109902,0.722721189721129,0.573701745298252,0.597024525397637,0.492612354534927,0.514297210293816,0.458242019710479,0.463164740657633,0.557340582823124,0.558901324840403,0.58959192356191,0.613832321958167,0.627320824273129,0.660723266920594,0.620287654642802,0.371709647717305,0.584221331678304,0.519177257663464,0.284976847115016,0.721991049545289,0.764993957893682,0.486839929235923,0.580770074902076,0.368117487381378,0.37759138099222,0.619540876180002,0.685224764139581,0.771324076186529,0.862300002046107,0.552443758952184,0.643653631836937,0.764657985350993,0.718465839143407
"hdz-024",0.63571572987679,0.632606086656269,0.73762972728007,0.732521422867808,0.602409703223775,0.611731042893135,0.460381031315807,0,0.338734891578508,0.599088319655967,0.265057376468108,0.575431081065329,0.549431671889706,0.610040011779995,0.415245417214829,0.66625467542306,0.455745653252066,0.639375706597419,0.419818528575772,0.613566381583443,0.540797579788249,0.580165927922377,0.55345452716691,0.602208334849462,0.606825729892394,0.530215495873163,0.604665178973837,0.585303458813887,0.637440311325685,0.713654250853265,0.650343569002858,0.354554361278503,0.653615118006636,0.625003031947562,0.619494890874139,0.548675670979751,0.556365447375918,0.653710983058016,0.733048746466667,0.690128208670627,0.677590905366595,0.601376960931751,0.624512767925883,0.601047565543429,0.631755597166671,0.634905484695576,0.667980939293393,0.596151717045387,0.723413831501666,0.646014205223488,0.678480917068784,0.665622958646465,0.633371018283083,0.675797591645896,0.732212836149661,0.689101421108125,0.778086540026734,0.648658485703525,0.638188344617189,0.68384843290299,0.72131116066126,0.676928552932523,0.606227151609444,0.638420882293647,0.704502520331884,0.530893182835019,0.674558757400706,0.651714267739657,0.71720688874304,0.592353977942953,0.814994713124835,0.656950101640758,0.6725752075251,0.562646827112917,0.347033826427693,0.692233105220758,0.7258831919774,0.553021271682884,0.713284995328275,0.805004237743633,0.580589288293481,0.581338280788774,0.615120013206457,0.322817626472954,0.776451672847449,0.846809449124455,0.845162564515579,0.867573094849244,0.666374120668265,0.712244411538313,0.780073689001264,0.710452320438192
"hdz-020",0.602956055095747,0.663024167401934,0.689505706906587,0.733219095812934,0.658694494710176,0.587393924030911,0.498979515479332,0.338734891578508,0,0.607473696587179,0.400930989758639,0.58847603035865,0.558519483851663,0.620791877583307,0.259081427266795,0.641294472328371,0.494592652416825,0.571800956870748,0.500880205032313,0.623362837771019,0.575905069012448,0.636159191754427,0.579227318479436,0.580450090455341,0.582431525584093,0.56768560165087,0.575923825472085,0.556012101710543,0.622900577114421,0.760230922655161,0.629374167022662,0.413458319331785,0.67753073860734,0.522423022404457,0.69640850926631,0.600372293173218,0.565855284764921,0.626961855032612,0.711140619872025,0.67545844462821,0.603873456653376,0.633327126245227,0.640016618704771,0.626580655370911,0.610707460817954,0.661857746804116,0.685258205252338,0.629955031271456,0.769906815766057,0.662381900428809,0.619051075971563,0.683355159226846,0.67262138371965,0.684379229017345,0.706536882603128,0.714115632622382,0.812280041660693,0.612397136458138,0.628871257358746,0.635984617081303,0.75518332492837,0.648774998642209,0.639714080404264,0.614011457525882,0.695383184477603,0.598286631808664,0.695961801569468,0.593157465282233,0.709097661192438,0.501585054324947,0.849363186377358,0.586819742089995,0.68460287301283,0.607700754770651,0.417977167809357,0.65691771642642,0.725152248904654,0.581772416400412,0.735726144361786,0.82585807276783,0.559085618187858,0.599964641037653,0.615744775562501,0.325877590783128,0.807559366631754,0.888841146683091,0.809061946517122,0.878386896177681,0.651862279868352,0.683400408137875,0.742661183938917,0.749893150467637
"hdz-035",0.660910424998147,0.574127772863413,0.6552475358853,0.617520668115263,0.528905431234816,0.619115448824479,0.538340501803076,0.599088319655967,0.607473696587179,0,0.626993182212654,0.421892707387827,0.545547766963575,0.345493180567178,0.546524246017617,0.558418062651674,0.611026825333033,0.485133968071752,0.526264248322652,0.59757178396614,0.536221203777976,0.515903830206746,0.407990036470551,0.577881003106757,0.6470414371153,0.556917769696031,0.578921691503709,0.607336400496515,0.401360236998447,0.35766368171413,0.593781439322447,0.609884773008574,0.390234167741428,0.62585286964396,0.759408414182517,0.521586174214158,0.291069482352551,0.621039994289305,0.532821629611883,0.698560031202387,0.693267439112257,0.524983068851272,0.683388307903909,0.496593274868027,0.689778855032456,0.476825474434548,0.742215228070424,0.550729456077542,0.727184716613245,0.404728873597492,0.421051042372214,0.602981030766782,0.526941981066955,0.673643698145375,0.605668756472101,0.759887486978185,0.861109180882825,0.447626377541022,0.546284401116981,0.557005578566892,0.811969032098583,0.534850837065076,0.732569514224963,0.646192707001846,0.736118359389977,0.53973374408564,0.451804756445342,0.501038322279211,0.467765058188482,0.70123253809299,0.595761435752113,0.636195548619608,0.646360338520696,0.75400967437006,0.571814002111609,0.632517774627056,0.542453988541938,0.629298255104236,0.788707292131118,0.807028832125092,0.526043411826421,0.694519680086135,0.687307814528593,0.501871154412691,0.744616729312276,0.672026552908039,0.751597396747063,0.766403897723873,0.662575276395779,0.732665117834621,0.737392862537278,0.811577841648192
"hdz-040",0.576627470581867,0.57814829865708,0.715889064064227,0.724068882878212,0.596243480539818,0.557731750437993,0.418807471028767,0.265057376468108,0.400930989758639,0.626993182212654,0,0.487238134864969,0.440972180438969,0.531866922655489,0.373141205000068,0.629203170633722,0.299471428061417,0.581626330727,0.337497157526462,0.536566439046948,0.509835615907602,0.505974964265214,0.586593004773733,0.513363518282498,0.537550962657374,0.538269776188456,0.566098938295045,0.55096918128965,0.585856866781767,0.710331955345928,0.56505227470027,0.446459355508221,0.633732960428832,0.627132626744251,0.647053847511114,0.484633682807279,0.611144832580844,0.628950914004494,0.637967996523974,0.640326893594513,0.664380945605839,0.501373412821176,0.576566979431645,0.493311850674158,0.600189037805256,0.568810604301566,0.651588795598106,0.498604821686803,0.649149299957806,0.567125321837594,0.628358122600443,0.663406957218019,0.593902310325345,0.649039305124283,0.652634536895793,0.675085412472654,0.798330973522006,0.530812620191133,0.615630206498181,0.67009237497833,0.734363740290941,0.636362444729041,0.626702349857695,0.572940820413211,0.649424444580925,0.485696654746697,0.585835234191751,0.570537733915457,0.644305324875908,0.634790655294921,0.801983694241817,0.616827656296444,0.632585474178889,0.582112799726836,0.269777041022641,0.64422334055948,0.63434528754848,0.402126623627443,0.738076569702957,0.813663492158139,0.538972135076809,0.562963993201553,0.603197026193001,0.344284633880268,0.700466975892103,0.808038457898724,0.846830947105577,0.894298156777786,0.600688016465411,0.619510478714875,0.760744474789927,0.718532086785821
"hdz-047",0.469575731068099,0.445297200794592,0.597811959164942,0.615006696408021,0.48496682008156,0.490778339225607,0.531630866280579,0.575431081065329,0.58847603035865,0.421892707387827,0.487238134864969,0,0.514176122020067,0.230296273764932,0.574059509731081,0.387429662308534,0.463785841071382,0.252839741800013,0.466927063470254,0.430257297545641,0.399356585559822,0.390369103034274,0.396387830080067,0.40456240120171,0.419191764163342,0.469659929199669,0.394766906053786,0.638215916224833,0.404231345017483,0.4519125573722,0.387212416437886,0.575157578722563,0.399905352502831,0.703284730700994,0.667886447245512,0.396945186475738,0.393056063845817,0.490856477643074,0.447545351198125,0.534589362184131,0.55962823314657,0.259795362439916,0.47924673629376,0.29431718218315,0.470809471492265,0.285296145303601,0.53619753447496,0.621666135836029,0.551239316663201,0.406745154788633,0.368558150515853,0.558116054414576,0.305761308618686,0.516896670222811,0.479152368046419,0.559291664619368,0.732261802692491,0.403132851243998,0.320830792129309,0.459080953336233,0.664979339647611,0.436907089377107,0.57433698355385,0.454567124174507,0.668799027288286,0.656314151838198,0.295022022836519,0.319597638317997,0.419708307670443,0.709779463367438,0.648967504935724,0.504440435721727,0.465997141624294,0.603580046474104,0.541345398791242,0.683680161338252,0.391508014762725,0.46555078134437,0.682472818088324,0.767963558007337,0.660376931877746,0.658220634866181,0.61503102128326,0.466179886466521,0.74265510659847,0.688847433753876,0.857942155795987,0.703410930758048,0.497471345147913,0.639956468387685,0.68889723512241,0.656102670465053
"hdz-054",0.568393746727328,0.553378340531466,0.640861366666532,0.630519540190571,0.660248315315484,0.557507941961682,0.404964899394976,0.549431671889706,0.558519483851663,0.545547766963575,0.440972180438969,0.514176122020067,0,0.4305073921799,0.582724078840255,0.556402921177785,0.28900716873676,0.554272871438749,0.284859691231504,0.55348893048857,0.561019549533725,0.58299909939577,0.543283755934952,0.566866146157496,0.525740725755292,0.587656696336,0.578993736026102,0.481070216772179,0.522672165915197,0.5241500008582,0.511419210580291,0.472565190298973,0.588849134987662,0.550455802295316,0.733893862379147,0.552395375595121,0.53341272202049,0.624555807595639,0.688094252819545,0.660934215175714,0.646226856796812,0.57041989100482,0.666371510113949,0.533790927539766,0.629042378593846,0.546240213672434,0.709944945661742,0.264292787990938,0.657393151952618,0.539092124946376,0.622597216093776,0.613606677472669,0.628348887989076,0.733731732838186,0.540116360037013,0.737739222528843,0.828311494460307,0.528153842193681,0.663664671649201,0.571562947094045,0.765673546418466,0.651947529013971,0.690143300097603,0.553713920370304,0.616225546705425,0.410763444845775,0.535940950394474,0.60287006939743,0.531688713193582,0.617036627143244,0.743724265629367,0.632410550586419,0.6922657413178,0.568758477454897,0.355260087723457,0.480253462798704,0.566049633980475,0.478443928794464,0.80522096506846,0.81501102522571,0.346739537160846,0.569484863550737,0.535621309039768,0.455239622333601,0.584917570567841,0.762891783721371,0.802244928022179,0.842540751338795,0.577394973335062,0.647090034013234,0.730461750774206,0.79280802202509
"hdz-069",0.511690884600192,0.455879039725213,0.620250437542111,0.637135072498816,0.509017078826165,0.518574248191943,0.565143932677432,0.610040011779995,0.620791877583307,0.345493180567178,0.531866922655489,0.230296273764932,0.4305073921799,0,0.637154891162048,0.363236756005559,0.456450006715355,0.338954512273041,0.466891931497773,0.513266813679554,0.520940141783655,0.473254634624523,0.430446230854244,0.451613013129468,0.490844007749418,0.528182184138737,0.437387682137784,0.612532258940926,0.317094747833513,0.329227047637141,0.424044065861059,0.577187485978392,0.421532747665201,0.661269603517943,0.711107149008776,0.431474508353046,0.393433096750021,0.552054499613754,0.436089546627208,0.590180573198187,0.54796276752471,0.393567172646108,0.58914251575008,0.378022610865949,0.569422550559038,0.310075536708689,0.61217687758562,0.55760956847317,0.605313705359043,0.361291476106171,0.38689643077582,0.551833692550645,0.389909111869659,0.645599402152674,0.486158867621002,0.667258020655896,0.790674065485528,0.37320812750855,0.453926981626552,0.467584675093974,0.717565273933898,0.505317570932803,0.657791478666678,0.475886301512585,0.653215345556329,0.616918998616999,0.286951820752906,0.41913554413232,0.321031050009478,0.683890666050762,0.660809308371012,0.508371131136083,0.537754675497403,0.647543548996969,0.557249191704882,0.640103268863467,0.385631954214772,0.522528061607834,0.744498742222913,0.799693473465736,0.623928264621678,0.638741018919167,0.619922152550929,0.57611174599036,0.737211021043348,0.702007032597294,0.877173415302541,0.716921284424506,0.558068986572457,0.681413762855922,0.692638721324417,0.741827171767303
"hdz-064",0.598938659295745,0.614860823240668,0.732156418434081,0.694106636561837,0.562006217311376,0.602206288582664,0.419442472042505,0.415245417214829,0.259081427266795,0.546524246017617,0.373141205000068,0.574059509731081,0.582724078840255,0.637154891162048,0,0.702002080868584,0.480810452443156,0.594940927183011,0.458070902879821,0.584682189531114,0.574298426514251,0.580028155390528,0.615107305310238,0.534651175878658,0.631200895257508,0.572727014356002,0.569492130118892,0.492131749236836,0.589320010708764,0.711831786466768,0.623548668852652,0.362710097047926,0.615537802612526,0.455235769689289,0.712053426657099,0.579493880289691,0.554362975860497,0.60188902485051,0.703082047191603,0.71968534146322,0.690374072283521,0.621406113835112,0.638256321923733,0.592608160751448,0.665230191580442,0.635841788487578,0.709986913969114,0.587768782422521,0.734041700730505,0.618793324032391,0.61372566777721,0.661665782092551,0.676538955833932,0.68084230253976,0.68708992026943,0.710643530017134,0.828180815316482,0.57018661985474,0.625980650316986,0.635176878389121,0.760230024662247,0.648783758547725,0.645121922449695,0.619355629791283,0.676884595271593,0.484219822727053,0.651679087362378,0.597382584601272,0.728035296072968,0.476436405152531,0.778385059574896,0.622061706712329,0.712274068632238,0.601884469696776,0.46133743548872,0.637348074110724,0.693315382625075,0.489414424423891,0.740644959055522,0.810491458847773,0.476265648360519,0.578040126355894,0.615704566182019,0.294525200616781,0.76691603962612,0.81073305044842,0.701320400665368,0.907304430537904,0.656011525499267,0.58882918407923,0.777629924329337,0.746903911014865
"hdz-063",0.468245092659375,0.367599541129974,0.511709578131878,0.46997018041964,0.51186045002468,0.417928119419075,0.532164699095266,0.66625467542306,0.641294472328371,0.558418062651674,0.629203170633722,0.387429662308534,0.556402921177785,0.363236756005559,0.702002080868584,0,0.575896055177263,0.358085159731585,0.596081159023341,0.432736344145063,0.458059220927626,0.446820746016739,0.347726947386549,0.472813227715827,0.486435629069589,0.507132850841646,0.371358032465827,0.690830972872312,0.480744905580573,0.588922090873177,0.394631934287476,0.645872583061809,0.531488330509953,0.700810946267108,0.661318498322999,0.432319304303611,0.528804903505592,0.456428459827522,0.52488712712576,0.448227915865418,0.365749331879351,0.422332579282682,0.480359651642057,0.331007083855886,0.387359166269606,0.42158734871422,0.490363128385048,0.663961247665777,0.48531573315526,0.48571671540175,0.378545352332189,0.40383563436427,0.368878290257638,0.480840547731513,0.387222321394194,0.597871414198538,0.74601409188723,0.440110132768916,0.488075524302576,0.255790399676052,0.679462375891281,0.386872681025662,0.554579046239387,0.404654763838869,0.56260267292588,0.695645405450224,0.370514885731055,0.416035682235089,0.41357845707211,0.719833160705105,0.551187934751847,0.375906771704667,0.419234010725342,0.724822139297722,0.626246723559015,0.659809857926935,0.264396127392033,0.563744607097425,0.729700340272667,0.763592136945288,0.678349980851053,0.630897152196585,0.536174247789925,0.644614777150156,0.756875642875582,0.60650813893146,0.909177621533527,0.629005031646487,0.473621344981932,0.723804493743835,0.661714116022968,0.726476739917781
"hdz-057",0.536990909571349,0.592228707536429,0.720664976439504,0.722722578250293,0.577896546517133,0.564754419302375,0.393736920188665,0.455745653252066,0.494592652416825,0.611026825333033,0.299471428061417,0.463785841071382,0.28900716873676,0.456450006715355,0.480810452443156,0.575896055177263,0,0.545576656866249,0.237471769758687,0.542885661657298,0.510657329479752,0.509775644682094,0.555726393230427,0.474494723487745,0.518620768637981,0.554317920189453,0.555692277839884,0.485570385025384,0.614978339704727,0.596759501033623,0.512795339366391,0.451992475792777,0.59065888828227,0.594244572489179,0.705513195093228,0.450539216843039,0.593684368609883,0.645891504118049,0.67958511357972,0.682731661729542,0.680256120027008,0.536992891819582,0.62506338333089,0.522124069803886,0.629356344857091,0.518262794860503,0.641730859470873,0.403943807742941,0.586877847489842,0.535904049059758,0.658631098128851,0.681720528042642,0.60869914096583,0.696922072872175,0.610850228764636,0.692495897901533,0.786065185591611,0.549504279285892,0.614286026474537,0.643650375395966,0.735046837785452,0.698564280444034,0.663736132009395,0.526915148991621,0.65649858136724,0.447409335995923,0.556085029063037,0.570849032324106,0.575742539931875,0.538089352886309,0.803839173182819,0.657611299090253,0.59031706464805,0.57659995787879,0.261839753994811,0.542980516316598,0.594805050055669,0.402026961353296,0.754553787674861,0.832645862543882,0.463042721190912,0.459580692667713,0.545341207754835,0.332838790712901,0.694523885943616,0.817909700524957,0.845882203765291,0.862211715233632,0.600456270273587,0.624239618679711,0.740071473122689,0.735849602883756
"hdz-071",0.381678268754425,0.383964626307673,0.554006259686086,0.490037980337023,0.568825288689706,0.472758559304817,0.516304637097236,0.639375706597419,0.571800956870748,0.485133968071752,0.581626330727,0.252839741800013,0.554272871438749,0.338954512273041,0.594940927183011,0.358085159731585,0.545576656866249,0,0.590264720831671,0.369541497777345,0.376256191475039,0.451031406243768,0.465028944970135,0.362313740485891,0.433683167827915,0.450827232421758,0.293548098707161,0.617993723058219,0.321838282159143,0.47377148773256,0.308152457057688,0.593971600870001,0.355508224291066,0.711493843105626,0.6235719241926,0.428927502714072,0.396163789107925,0.455155536400503,0.453013814329442,0.47224981494745,0.445650253620928,0.309752472364652,0.452768820493699,0.315653443015343,0.411517962219479,0.237502367442759,0.506773575662029,0.614832274962202,0.547640668774483,0.421709387747647,0.270921172547982,0.466399450693595,0.278686489256755,0.504245006412897,0.431870156397253,0.55754007865797,0.739891633548512,0.431188380277783,0.283476141028151,0.31416970580291,0.641819503639857,0.410485906249379,0.519666949125466,0.372596456469609,0.585246460303827,0.689942690642974,0.321996169273661,0.216793458094218,0.325036827456392,0.702040837893121,0.635997464371783,0.494340080849725,0.513627314876041,0.697145609786342,0.602676096840033,0.658739063336778,0.372308877220346,0.522502227251871,0.712058730283178,0.718317088439055,0.67467976459915,0.631476698000154,0.513884768940551,0.580464611082353,0.714097959446369,0.65935542022564,0.883565683714607,0.689332565334897,0.510887679220472,0.647111966063053,0.6620107200085,0.681623306988849
"hdz-065",0.547710348600196,0.599515287936522,0.675997977831588,0.694152920092349,0.60148406411551,0.573689225928311,0.397815813046676,0.419818528575772,0.500880205032313,0.526264248322652,0.337497157526462,0.466927063470254,0.284859691231504,0.466891931497773,0.458070902879821,0.596081159023341,0.237471769758687,0.590264720831671,0,0.546966747912443,0.481648500977479,0.502210962959043,0.51382583960692,0.54620332662282,0.565616218264129,0.557121771566888,0.593310875643144,0.411339764215227,0.546774291781981,0.600962517812177,0.581568027780729,0.467662679860609,0.585833248518235,0.519438965892977,0.723115620869744,0.48020714482709,0.527397066888992,0.634803024191409,0.731029610869286,0.648641265102087,0.677646024205272,0.539239641656527,0.636728840383379,0.54780751822449,0.659559531595148,0.577690819195703,0.696324104770851,0.341830324663415,0.64524168879066,0.587329619389717,0.609200684260974,0.652895591575564,0.595205171766715,0.687033512845446,0.598540068965108,0.690600998666968,0.831378443168012,0.534192527475847,0.60719207393457,0.622357247140132,0.763014736911166,0.642421054795928,0.680717055650308,0.570409738786965,0.659095846780544,0.3541345385102,0.535784923066656,0.598189194800902,0.616451521376771,0.619209593479255,0.789049405503623,0.623087685762762,0.663227828286144,0.575907188572,0.280230343697156,0.547215367218946,0.589737983248526,0.444485407565967,0.757164721504971,0.808509448165118,0.38794564785097,0.577040481659171,0.593384617691216,0.287204430594993,0.641126283528419,0.793025588426425,0.791591573159855,0.868892882358352,0.606713625586942,0.607468892572943,0.733612433687995,0.745292068206004
"hdz-187",0.299368223655484,0.317257759796745,0.45641236391069,0.338375785459681,0.543014742415719,0.229441601219457,0.435326717579404,0.613566381583443,0.623362837771019,0.59757178396614,0.536566439046948,0.430257297545641,0.55348893048857,0.513266813679554,0.584682189531114,0.432736344145063,0.542885661657298,0.369541497777345,0.546966747912443,0,0.31346186617778,0.394928864269719,0.483641810135452,0.34822391313149,0.366828649452716,0.399735511677633,0.286451648821716,0.642716238885396,0.443844137377336,0.638569993007891,0.256992474322085,0.550084982434566,0.508798791339995,0.756658369486896,0.550326933602279,0.379465108576033,0.616095956269472,0.326100502499914,0.513413944514948,0.438337495663606,0.436442541724561,0.328025453496631,0.356875686530845,0.298756978030784,0.359768860236644,0.349174834191355,0.42770644379895,0.604906516645196,0.297326366513093,0.437062924101789,0.389517321099178,0.343468689334057,0.40207839732848,0.420268004636876,0.349242236560013,0.494199455328215,0.707829513404636,0.516458386611267,0.480610963766181,0.373122845458833,0.589420562923524,0.452162622395348,0.47027954629521,0.212456060589187,0.584191944927278,0.633152259494258,0.398211631547742,0.395408475320343,0.391081321956405,0.747823427629279,0.628458596821342,0.411427620328357,0.546821360213331,0.703269078224765,0.569130607304213,0.652926578428028,0.411529638039151,0.397638022229278,0.643847212700585,0.667535622693541,0.638555115594002,0.729583880439001,0.567897022207473,0.56692044883029,0.722478098044287,0.637980059316844,0.857651237617489,0.768588715892423,0.300912426679601,0.676200520392654,0.600621511153681,0.64509424575519
"hdz-184",0.399733113406652,0.355996123384009,0.562486139275157,0.491633492788011,0.396436592587992,0.41134417499834,0.549164422766261,0.540797579788249,0.575905069012448,0.536221203777976,0.509835615907602,0.399356585559822,0.561019549533725,0.520940141783655,0.574298426514251,0.458059220927626,0.510657329479752,0.376256191475039,0.481648500977479,0.31346186617778,0,0.235956496803213,0.29975784539726,0.26981327312923,0.432066386644474,0.169846672161201,0.378822957398271,0.58852242484312,0.511605238529182,0.591733188997879,0.344456029673615,0.524009055820272,0.500675221384541,0.687376204883002,0.620596962592897,0.227752033853258,0.478826024261578,0.427948744180851,0.62303627805028,0.521883228916269,0.542217340373428,0.406191632766425,0.484244477320283,0.38165490887248,0.465471782966558,0.426240608826834,0.53878343818386,0.586154056785284,0.470975314273001,0.526183255150131,0.459225571658661,0.47789289830743,0.458590853839924,0.416114362470127,0.377927617118926,0.590871415122045,0.780673004715772,0.392507825572627,0.467658067788955,0.354656271240187,0.670722876262309,0.491192404536851,0.535734743699659,0.333542513150462,0.672701310305499,0.587846593849204,0.464052705510072,0.401590491386469,0.497541026374524,0.68957629167579,0.670865013610387,0.502927845543414,0.471884656737007,0.708380907315202,0.491276614652718,0.651194103416466,0.43805555335388,0.553905885111447,0.691372367889551,0.745945618063547,0.576540583125363,0.697171553104387,0.663912230099022,0.517220862754109,0.738829985329778,0.617717837714647,0.860058559300729,0.746993566044889,0.4516189077485,0.678245869555442,0.666080939042547,0.68597321547761
"hdz-181",0.485563573821438,0.31700537629951,0.658844636743095,0.557246062706219,0.296080287041985,0.430138241953934,0.533234122342963,0.580165927922377,0.636159191754427,0.515903830206746,0.505974964265214,0.390369103034274,0.58299909939577,0.473254634624523,0.580028155390528,0.446820746016739,0.509775644682094,0.451031406243768,0.502210962959043,0.394928864269719,0.235956496803213,0,0.261721724328753,0.329558304079084,0.499962414599691,0.273649810833895,0.420502705169009,0.537674647179781,0.535460762656056,0.538074102339463,0.372916822955761,0.531467233487216,0.447914218917262,0.659112820338856,0.644203174430963,0.172940218106956,0.560554015911167,0.473178420137655,0.546824773194991,0.625759858428579,0.630129462325156,0.400463266311661,0.559066336817909,0.40626867081828,0.58758894492501,0.457947863393467,0.599098280213562,0.558824440684645,0.431904387888915,0.437676847386801,0.52478875000343,0.531445452514527,0.485517645641776,0.491822923113484,0.419394987033573,0.638598870149057,0.790904551578278,0.330234900255927,0.50907814559678,0.421060617963878,0.716120191024248,0.501741644527253,0.623882622640637,0.351406831797838,0.633773220894618,0.509569386928811,0.399709765953146,0.453300843612017,0.510646808553772,0.694230894530173,0.601396018015579,0.57229021695591,0.42841943672312,0.711184434594638,0.465931445745312,0.643109475797407,0.395066202638598,0.502933492859254,0.671292774664244,0.768983587522254,0.548438132259842,0.654286024909643,0.649154149606844,0.556997081475721,0.732731424693314,0.492239841395424,0.822256381566206,0.729514840127779,0.465971826015621,0.66642637096031,0.736449001118325,0.720263882027392
"hdz-180",0.562063066311911,0.423451139986575,0.608573634053769,0.550142497832364,0.312938796811988,0.525408163924708,0.544944518770606,0.55345452716691,0.579227318479436,0.407990036470551,0.586593004773733,0.396387830080067,0.543283755934952,0.430446230854244,0.615107305310238,0.347726947386549,0.555726393230427,0.465028944970135,0.51382583960692,0.483641810135452,0.29975784539726,0.261721724328753,0,0.434765195889398,0.537480644065618,0.308557713571411,0.442370546842506,0.548115920999564,0.545468741346711,0.56428921984711,0.440457762795273,0.522340793212509,0.502858354749737,0.604015573653925,0.702514755055016,0.313648483037217,0.407068220909853,0.502542101218993,0.585718527140865,0.575373173641489,0.571066402648493,0.505691379086094,0.588830750867415,0.395133673639255,0.567307685273314,0.536010983859273,0.64358340560481,0.615555834119501,0.576246252730064,0.505577298512212,0.517890784744922,0.534223491300455,0.505832116210982,0.544764131554591,0.478925305597923,0.666828223958619,0.832325512335954,0.321072595352358,0.542041811443867,0.404769945246759,0.736912878547993,0.454743604091849,0.69730331670427,0.471268361888291,0.685833713537191,0.544955725435984,0.431027818168853,0.46579982005997,0.547916093425136,0.698187119994401,0.529100369808902,0.490489401975493,0.495071497802925,0.725701820385407,0.523134219768549,0.609091004189301,0.421951739390072,0.633962644469075,0.709173698896025,0.77140867236209,0.53615324173743,0.695927311328828,0.682124889799415,0.519660020352403,0.786058034357849,0.548321498558762,0.818338113552183,0.701536825485577,0.571781231169135,0.666752005537295,0.694948137582386,0.745839806166985
