"","hdz-013","hdz-014","hdz-021","hdz-011","hdz-010","hdz-016","hdz-026","hdz-024","hdz-020","hdz-028","hdz-035","hdz-040","hdz-047","hdz-054","hdz-069","hdz-064","hdz-063","hdz-057","hdz-071","hdz-065","hdz-187","hdz-184","hdz-181","hdz-180","hdz-167","hdz-060","hdz-174","hdz-169","hdz-163","hdz-098","hdz-102","hdz-097","hdz-088","hdz-091","hdz-087","hdz-085","hdz-192","hdz-264","hdz-258","hdz-269","hdz-274","hdz-245","hdz-253","hdz-252","hdz-249","hdz-240","hdz-272","hdz-250","hdz-270","hdz-273","hdz-262","hdz-271","hdz-203","hdz-266","hdz-204","hdz-394","hdz-254","hdz-196","hdz-235","hdz-198","hdz-326","hdz-330","hdz-318","hdz-317","hdz-308","hdz-314","hdz-319","hdz-324","hdz-305","hdz-310","hdz-320","hdz-301","hdz-241","hdz-327","hdz-236","hdz-233","hdz-230","hdz-222","hdz-400","hdz-398","hdz-339","hdz-321","hdz-384","hdz-347","hdz-396","hdz-345","hdz-221","hdz-408","hdz-219","hdz-220","hdz-348","hdz-392","hdz-341","hdz-229","hdz-405","hdz-350","hdz-224","hdz-390","hdz-215","hdz-227","hdz-226","hdz-388","hdz-377","hdz-357","hdz-352","hdz-354","hdz-361","hdz-362","hdz-452","hdz-437","hdz-426","hdz-442","hdz-445","hdz-311"
"hdz-013",0,0.416779570083558,0.363784735549602,0.462786986748554,0.610344706534156,0.307020336440302,0.557921937889258,0.633913821903574,0.608618330213122,0.563657161106923,0.668075133106,0.564265224579673,0.473937233301986,0.561354497386778,0.516320999084018,0.654541489934084,0.44144849265777,0.527160715360975,0.389030769456302,0.538084893527866,0.282344165143174,0.428009349545954,0.481644102062464,0.556320655590673,0.389199450194127,0.363994662861449,0.471698540926391,0.539983801258057,0.34331697709816,0.666350598831947,0.489916668256474,0.662519674922542,0.426289934016356,0.427135914844304,0.35599827918668,0.656331087985377,0.606253264629002,0.743649393772074,0.620964247219828,0.414101866003423,0.466169285952547,0.480118726885024,0.672277023049253,0.614678051154639,0.413185394714444,0.650149954994741,0.299362451032751,0.270662683749227,0.441053295685363,0.265051442458299,0.430666490584858,0.303623237514155,0.426824277532473,0.370415704947678,0.51051379957555,0.601377678586578,0.313364865418068,0.426670227178617,0.651151157159518,0.503949384445405,0.385295589026042,0.494775177315609,0.539338091355247,0.416225957906609,0.442003418911114,0.61484767067825,0.581821468719503,0.383360535262371,0.421594624790801,0.440524832109372,0.411330364150704,0.433433618920756,0.384007478438749,0.667481480939672,0.703451884769535,0.61011586125055,0.506198051316187,0.406512406820716,0.644110841606842,0.460852653552684,0.732496642405554,0.772975795274394,0.452897107617341,0.638615393936312,0.618363990960146,0.650436684511663,0.359244179466268,0.600653941788665,0.675146193539087,0.578292494430603,0.401270113598904,0.663802714073236,0.688962269287523,0.49484460979588,0.552926056577937,0.552552128557149,0.660090856893842,0.582883099563012,0.690076102196888,0.69695098052043,0.573699007565549,0.58157240051027,0.562453126380032,0.860840800559733,0.817716935158462,0.775808720163667,0.887096185577526,0.545544312784699,0.684978200179969,0.701065039640934,0.343543533237402,0.692128992640227,0.470297031722143,0.528707058316265
"hdz-014",0.416779570083558,0,0.545747482809768,0.381190556070735,0.362838862375929,0.395586066351061,0.492026801834419,0.647258135025645,0.668335985240034,0.513341910138132,0.601907922316429,0.576126980806412,0.457771790746137,0.546903177345127,0.461759668593345,0.63154539755562,0.366210315544605,0.581372614463872,0.387234191764192,0.58502306084062,0.290556854258184,0.383644326153198,0.334086910686157,0.419611896301079,0.388009838368682,0.58215824851648,0.334297535772904,0.566763914203435,0.300937926065138,0.599876256378628,0.320191204884135,0.616264001921571,0.371963654571388,0.32102819098099,0.38876862790055,0.592952115887075,0.42121314311965,0.645711958588488,0.620974059222977,0.512606020330354,0.333314176083152,0.373553073199411,0.459389012800078,0.53869993872809,0.38110725551815,0.461503650368952,0.551207948460469,0.511387024558337,0.34566464063347,0.456491961535475,0.240966891384606,0.490041157708037,0.334826060116973,0.55003835196691,0.553953994683676,0.535402296007793,0.325722426468487,0.448041215354669,0.501435764000069,0.508669458263533,0.404742184479961,0.430523836433202,0.48327475188292,0.267568377693601,0.638417174963958,0.75450841229194,0.380595640542619,0.479869155687731,0.276926829807788,0.662160614660389,0.450606239024846,0.580815372544658,0.25257401501407,0.564542891349828,0.590259893014423,0.408158577656711,0.327912319984459,0.437320214092484,0.689883054136445,0.41961172774151,0.671029354101265,0.515010907223818,0.514233116915121,0.399539392982589,0.680550062032612,0.541953004956926,0.515697636727033,0.54797242449925,0.699745099185312,0.568942627112634,0.480563102513071,0.634320252942426,0.511242866835229,0.312990577943449,0.498141248881726,0.722939356165331,0.731778044791441,0.759384354716615,0.605125045174767,0.629697347025998,0.485801191158091,0.624614211376831,0.616498950897327,0.748115427319654,0.748744691075528,0.52537944966434,0.846141193317559,0.372921764856167,0.701802262229747,0.707753751260815,0.410049398534768,0.674484734243704,0.704057005386649,0.688848104332858
"hdz-021",0.363784735549602,0.545747482809768,0,0.402617705570141,0.694383772868307,0.455715315443935,0.682820644764271,0.739392711915892,0.696746226446405,0.692630430233926,0.674949078799752,0.713558098518296,0.609208281344819,0.634883195154138,0.61025238581357,0.717873417130115,0.485456773158838,0.717159126467062,0.554578496710589,0.671549922599987,0.449703558338084,0.566078080579676,0.653390819395539,0.600935278441559,0.563019022451543,0.460488572247702,0.59524471958552,0.668027955190042,0.46428033544388,0.725237000890134,0.546541436948433,0.703623818679277,0.610727782674127,0.602469881478754,0.497426344549149,0.705070161230793,0.68998779183594,0.784663610964763,0.664126355702383,0.440329967100096,0.624148984661305,0.45569823670599,0.71313260151,0.615453372296757,0.329479905956529,0.758931978715735,0.215931233522708,0.323285698454927,0.537083963857494,0.262030511606014,0.552082345093851,0.300951620119584,0.611558096839435,0.254568478867633,0.738301642616306,0.66213573209441,0.36131723727529,0.544607090651275,0.698274597617289,0.574918780674302,0.391349023726881,0.559609922694234,0.441942594444379,0.462121564526733,0.416149019325967,0.581796045582169,0.667532252715578,0.427953546176219,0.491921297361658,0.428574059366264,0.333592139851094,0.45621229390747,0.507390908618405,0.748733141443744,0.778029525392009,0.662397625892462,0.596407806531803,0.520090033276218,0.659707596065077,0.54649415293263,0.820329350224692,0.738156703993456,0.580355515582673,0.704013374812577,0.555777440511915,0.695845907871707,0.357813121678763,0.616648463772111,0.65281355760679,0.740050345655808,0.397711706254114,0.675125196051885,0.72915337138183,0.571707334122617,0.668033275839616,0.569363529993605,0.574662780973737,0.467194163957101,0.739626941927377,0.809361885859002,0.683454783930083,0.670346715899138,0.69206607316683,0.877333783551148,0.823301327995353,0.75653429984569,0.884501431132457,0.581801476794641,0.624628385455294,0.701835111277789,0.316738188848802,0.835988093458306,0.373830895524403,0.504600035230705
"hdz-011",0.462786986748554,0.381190556070735,0.402617705570141,0,0.619376871468117,0.424632105197842,0.584388959188475,0.737296132323264,0.731708737780781,0.669430484206901,0.617509040526075,0.722538210766112,0.619328468532334,0.62708797202646,0.628483091304512,0.679356317426405,0.471511697143971,0.724207351324032,0.475690642150177,0.685776543543115,0.336414245036271,0.495931182272154,0.563935413888127,0.538862006473162,0.467560017552517,0.524487011740036,0.522475801459639,0.678106453901556,0.473675866477389,0.663374573486192,0.502576442771107,0.654402954827391,0.558006844141953,0.497817956905865,0.389232297560404,0.590136407652586,0.513403239937461,0.663554067585683,0.63240493003971,0.528912543891565,0.560032214554077,0.374637280526968,0.58814608432505,0.599302092398779,0.385473191434709,0.576038941463865,0.425107506094165,0.404855787838564,0.545036897983301,0.393060695087686,0.435824325924331,0.394958913908752,0.458842978855066,0.479140206020321,0.696867846091427,0.647454863285351,0.311313515273798,0.461951106956843,0.543402082979322,0.491053141859185,0.283759572800252,0.445403098966711,0.490566768545263,0.388651256435423,0.538556246240062,0.789047537918969,0.585933756155934,0.552763462526311,0.313973910724252,0.689675282840434,0.557643862696763,0.546496752126692,0.394960299226928,0.505668216630062,0.668840630439966,0.510095278380929,0.447607703017897,0.506288160271646,0.685840494014743,0.448160826615254,0.72792583163241,0.552068223422459,0.491514535584385,0.566923153767261,0.650806951488406,0.537891030086386,0.410546456564361,0.629853742346651,0.775659100968039,0.732005564692914,0.539204189986061,0.680425548066189,0.650997867641772,0.463779457030441,0.573450633947191,0.73779414713559,0.731093167577631,0.641685586120617,0.627607688896334,0.686407046743425,0.518730079403132,0.710143151291713,0.691071285810082,0.795906735211167,0.741511340256568,0.581120691435048,0.817124831424283,0.453997943994307,0.782750779232277,0.771240020232828,0.39339377895704,0.690911628142401,0.605691689632641,0.739047263349121
"hdz-010",0.610344706534156,0.362838862375929,0.694383772868307,0.619376871468117,0,0.557602743248208,0.535483516005627,0.648118414488863,0.654992914454524,0.370084372850075,0.537189733207287,0.586124162057239,0.502467744767192,0.6448439665732,0.508033507293171,0.568375395719933,0.497860187482044,0.557904692552272,0.543590759423134,0.590182982083551,0.525781774499694,0.377332937275426,0.3046847676421,0.300923094132436,0.421274836177326,0.709808628936264,0.301652593348075,0.587605374135343,0.475742534907289,0.598271348974306,0.583372942575783,0.609929158908465,0.406110638031418,0.366089038516276,0.483024400167487,0.594031621760673,0.471779747508007,0.567450192566863,0.754884442930317,0.737035585285373,0.384599049754872,0.556183417806467,0.361949676236389,0.468305095904907,0.524999160904406,0.489780137840084,0.715523936678399,0.703236971274984,0.581990187796034,0.62509748362715,0.436407322212003,0.652399540833022,0.553554755274872,0.675169764537983,0.594751205054162,0.60178973951579,0.512427880484467,0.52552819248622,0.586612039029385,0.678919059672928,0.594029365935884,0.617986635290128,0.579680020509403,0.505150444434,0.71689277628951,0.829730980862862,0.348887767589391,0.610999042902427,0.470093750466914,0.761794552993054,0.56856153250297,0.715283330370623,0.441691178204794,0.709838048871217,0.509299880783671,0.413755485908047,0.486940411336276,0.567142056821123,0.740278212517739,0.650954295963857,0.532126190125277,0.456367517410637,0.533594686565835,0.405961551415613,0.707276371478386,0.588323452173339,0.612091138884824,0.584873835052173,0.759529182548586,0.535952743679937,0.582043829645643,0.554197948449954,0.340528493246398,0.496436388719136,0.616660730837629,0.739923836204879,0.826644833361428,0.723312719032616,0.557382397882082,0.539496252980442,0.591584020880425,0.590675310729253,0.68535272752987,0.5821794020079,0.693109506088899,0.435124466900549,0.760863534203898,0.557649370272092,0.765147478431356,0.766825387344661,0.599108665390881,0.645436247633669,0.760329854382988,0.779633950787752
"hdz-016",0.307020336440302,0.395586066351061,0.455715315443935,0.424632105197842,0.557602743248208,0,0.429067240405681,0.623004521385636,0.592913804911004,0.514488949138227,0.633264032640598,0.562280570277154,0.492809857265702,0.574019682160854,0.519706558177548,0.638213147775188,0.442855931179831,0.559145471279582,0.463886734036048,0.555118156651121,0.258864958549687,0.44598543523694,0.438676176860838,0.520269688055734,0.457655050809858,0.399176447669514,0.483829459764182,0.565395381633544,0.372969900926793,0.661526060131303,0.501317798498718,0.674865940209069,0.484335070487878,0.471017066555169,0.363267995901504,0.64808296017695,0.56704547440677,0.74121515619752,0.541558134234243,0.487316211890952,0.411726813292401,0.61741591416361,0.609707917766738,0.629918119203044,0.35854648758945,0.534226481174272,0.427084835792685,0.36766097079529,0.424564913501261,0.346195699437622,0.375114851547542,0.396871144113931,0.434736176078487,0.448827876539549,0.607599763526282,0.644901102983316,0.416179069592192,0.344599383183928,0.51680277225248,0.416351046264287,0.385606703294667,0.425588624515079,0.433763194953083,0.472334984758671,0.443207849001702,0.704246102155956,0.575660187756869,0.565224888633277,0.415782371385014,0.568518607747655,0.509248698261224,0.49538532931877,0.259134600878214,0.541906796935002,0.638960432097029,0.545123035190015,0.38520734648122,0.502230031871145,0.592505513875047,0.500173682072753,0.73188685913325,0.628563204374287,0.469496382404072,0.501647202923626,0.566897367630408,0.529720938626394,0.414276939475917,0.536604279948558,0.63884197359407,0.543634089375422,0.499617002330224,0.64264607410332,0.649118453423536,0.437668953775923,0.38167281190765,0.594540185718752,0.688414992638726,0.573514689515536,0.664690968884967,0.715053494848442,0.586778225489818,0.5670668015328,0.600634396757878,0.855212309278049,0.803802135552531,0.619955995615963,0.879155680086622,0.586993028719063,0.786881741253155,0.689940902353898,0.253340878449841,0.744214608352012,0.573603899911303,0.650370139328215
"hdz-026",0.557921937889258,0.492026801834419,0.682820644764271,0.584388959188475,0.535483516005627,0.429067240405681,0,0.508573657991623,0.502898834882903,0.460791481026317,0.565849779647924,0.440294732060318,0.51671018909363,0.430518981300422,0.563486698571636,0.486908832717893,0.586829800885829,0.368997084975206,0.533020346537749,0.374769929275956,0.441428369287976,0.537000443545012,0.521917724069826,0.558417957332162,0.561536775359963,0.672606709276749,0.533057784147534,0.348472810849685,0.484782885662157,0.504356264336175,0.566502492857827,0.603059266642011,0.557043954042423,0.567048750700037,0.545436254378721,0.427327366485296,0.493164462950191,0.580726854966865,0.569254925111915,0.624814231910343,0.5472227875327,0.659736244208477,0.61640448896047,0.609613461706757,0.578809325153143,0.517440134945174,0.684917248915408,0.65435251712085,0.530278533263561,0.592741092821969,0.38743818110684,0.622863528686187,0.458904900792098,0.66901528839502,0.495567546058914,0.50191776944142,0.5378536180461,0.613082027657904,0.272932293779223,0.539273044751111,0.576590783722849,0.547444809427049,0.572457058137032,0.608303940159674,0.641397947898161,0.787378826229328,0.587375276746002,0.637103960470275,0.540074270257928,0.72389318604226,0.586288165106528,0.595874235502712,0.447585713275331,0.478488364554133,0.473176549147012,0.409393771830525,0.420284260643079,0.585879798760268,0.57868229693547,0.595962506462022,0.604730224506041,0.593522958431857,0.63890275496317,0.488752630536599,0.771221658525193,0.290366746673676,0.637697283201082,0.646110056322627,0.628311737668483,0.372372830469839,0.614716399242426,0.575586003421982,0.660403676167149,0.551745846465886,0.261924686151907,0.705681527394934,0.777476269457722,0.801837993084294,0.487650482718629,0.578121143330751,0.411747826654029,0.353570308570171,0.54572095918435,0.802577276447333,0.678102717051547,0.674516575642916,0.768129457908772,0.619761654194425,0.873744870787051,0.682925206651811,0.559129745480803,0.657588777574234,0.768674863727216,0.72335663083421
"hdz-024",0.633913821903574,0.647258135025645,0.739392711915892,0.737296132323264,0.648118414488863,0.623004521385636,0.508573657991623,0,0.236547555839043,0.526175282075539,0.642231103881472,0.314435182002573,0.565174640632231,0.595320641799041,0.622784475964093,0.365380940182962,0.67506237431824,0.487730316731558,0.654740673546874,0.48158347442558,0.628746866001385,0.560541864919498,0.604267924278997,0.608946187126355,0.616617119949013,0.683070371719786,0.581572689316694,0.496450510162097,0.620937319475193,0.570719953312096,0.687622423225527,0.676033824910852,0.582173147038104,0.631097953331911,0.653344808036766,0.508999297668628,0.725498564869698,0.572843333962212,0.625368957444463,0.625901534229419,0.590866599542103,0.767759418126634,0.682836503173873,0.66251990328666,0.699621231694926,0.756868325077742,0.698645116925774,0.6830786677513,0.610633654246183,0.617231981784689,0.601725100547957,0.641512692751446,0.625098760040793,0.668227882998281,0.496848344754619,0.644984200386635,0.67317039760104,0.715497829722752,0.698205387203878,0.667513303222348,0.667976589125733,0.640396043887367,0.675467125481687,0.73846536952844,0.693517269894251,0.765879668960772,0.672206847949723,0.644146774359037,0.688174620810533,0.721036169917183,0.645008889657728,0.587003643656583,0.657434905938013,0.709850942130664,0.631169102253956,0.717457481766262,0.687965124899808,0.702484636944786,0.550821736221287,0.725332650707234,0.550968071877971,0.877781543496763,0.712704283284877,0.746881832166449,0.766360001781098,0.640294930431513,0.664786156449262,0.67834841086506,0.579980401400498,0.409451261727451,0.659738580575986,0.703480175632583,0.811501092459894,0.725287486833136,0.578559987925626,0.719039238702528,0.804155176138718,0.721520544707424,0.613864449496285,0.65369821295977,0.65544497253533,0.349293031645504,0.531969356722294,0.870488479374961,0.818544106957914,0.88907284119014,0.818145579617058,0.744065182654764,0.869301855915947,0.545346358903345,0.686297491991863,0.718938828777312,0.7813252056174,0.708208245523339
"hdz-020",0.608618330213122,0.668335985240034,0.696746226446405,0.731708737780781,0.654992914454524,0.592913804911004,0.502898834882903,0.236547555839043,0,0.533145742653567,0.597388733070118,0.408946425439378,0.570083633594874,0.567482272152096,0.619299302913645,0.311318014023353,0.641341533406853,0.478243687194554,0.566378162264189,0.495220078260016,0.627239638129095,0.564019654412763,0.639703361790258,0.569498796963825,0.584533664498176,0.669141037696844,0.583728997473418,0.468241453604404,0.577158471579839,0.544657377160641,0.629258438710173,0.668352313691993,0.584536084079757,0.581723378855799,0.611707147687842,0.548588945237848,0.686914024563298,0.524693266683215,0.705180442403145,0.653463567359714,0.613049183424387,0.723448175522148,0.637600380044312,0.546595477658695,0.664343545023122,0.716028898259728,0.677293382768543,0.610187950615559,0.624782437115806,0.632357950136679,0.619148946832534,0.611570514890889,0.643785315911282,0.687182848397519,0.471283029074714,0.635682717394808,0.679909601360242,0.754060884408096,0.685377301422807,0.614925021418413,0.687643870460957,0.671817952078397,0.685538032535665,0.707658183479859,0.72039327305932,0.80329196668003,0.621939576585299,0.624398796153747,0.640541810739192,0.742654056664145,0.618014983193484,0.62878363869329,0.652803398083163,0.694067509504337,0.574062753364133,0.711443491299607,0.69840784808513,0.670819751036803,0.569367596978513,0.706472333710572,0.484849583511809,0.847440789968822,0.662747715770957,0.751434867685105,0.7814500948702,0.647434984364802,0.587167497231872,0.67616916498362,0.620464516671706,0.403068404551083,0.611149054296052,0.664405253266435,0.778815046430527,0.715962734732735,0.589369148537906,0.743093196189414,0.830914883342367,0.755959753489046,0.564217770579594,0.601120295779378,0.612405132170597,0.31742684623868,0.581154691742932,0.867203092158845,0.772291251232405,0.889572652391209,0.808042913934793,0.715984562621264,0.87926176358683,0.628459077933938,0.648730064372162,0.686275910932121,0.742543303138825,0.750516616201604
"hdz-028",0.563657161106923,0.513341910138132,0.692630430233926,0.669430484206901,0.370084372850075,0.514488949138227,0.460791481026317,0.526175282075539,0.533145742653567,0,0.234737743619355,0.52554227690399,0.2621743821091,0.556715597192033,0.302307495943076,0.563568743851194,0.543725186161891,0.450863191186397,0.462051061291915,0.474438377336438,0.520925781349863,0.39517623439544,0.358061388214831,0.350956542771747,0.48646610903898,0.6514550008953,0.410396013453808,0.479548601604428,0.524377149763557,0.567415136332483,0.467888481629697,0.673456857513125,0.438896573531012,0.448725488977177,0.50903249425652,0.557875568226194,0.340162553597455,0.644768178287986,0.666093658116206,0.658245883063792,0.365920821364448,0.575155817916388,0.400192795065594,0.422658012980544,0.602987514326414,0.47762572636933,0.697552300074837,0.667849979203773,0.398895412017842,0.604955877060147,0.452706784800115,0.639005282023061,0.375774641288315,0.66853871438214,0.538290376101462,0.605254437821234,0.56829565344257,0.646823845469638,0.61854495313111,0.471777619395418,0.604769910964644,0.53276451663773,0.61262674644411,0.600272061398376,0.698284454845505,0.796007439142535,0.41066244391115,0.515310975469276,0.544791182451364,0.741165482531442,0.490562729993571,0.648161687286184,0.505063774734237,0.711907676232469,0.505961413368199,0.331316428281719,0.448840730463791,0.482362093391638,0.593312596759058,0.457432986345028,0.644083304919519,0.660800806380464,0.599217299927035,0.424119784450937,0.734894806982569,0.562404865260965,0.617135002217427,0.520709156070951,0.708123568104968,0.395616647632792,0.502433151917717,0.656259417604223,0.485794472867405,0.533384458042927,0.588526282749706,0.711665218198332,0.810509692493364,0.720716987273458,0.570093625173503,0.614444566383544,0.633059703840599,0.456844200913803,0.577003837034916,0.509411359960743,0.73658364325462,0.6785154011229,0.821993679954238,0.511030484735728,0.79225375065209,0.720575176699603,0.596490272598019,0.694104140158614,0.748757312287207,0.740038131363324
"hdz-035",0.668075133106,0.601907922316429,0.674949078799752,0.617509040526075,0.537189733207287,0.633264032640598,0.565849779647924,0.642231103881472,0.597388733070118,0.234737743619355,0,0.641432154853962,0.385550964464236,0.569459162416001,0.353287567722727,0.553476349450547,0.564530407163481,0.615699690796861,0.507055176640593,0.544580811626053,0.620658559246854,0.532365059315587,0.52304312800174,0.425689031726524,0.5838006926898,0.672548512091708,0.559300736618899,0.570351389905552,0.608009612491468,0.614546782230697,0.444003569396898,0.68161460908525,0.567972401226885,0.545230614628502,0.571253454622396,0.587497622178998,0.384523916850821,0.621043703592393,0.767753458055474,0.706003941071207,0.50589273814425,0.550394064442635,0.414655457954359,0.339847388482503,0.631805957937209,0.523585275980998,0.693891159415612,0.686887768304352,0.501568206364273,0.696364335240568,0.533720753381684,0.684526157277234,0.484590399828757,0.750153657125118,0.688073867165983,0.57787765528255,0.598166576913177,0.763448923310257,0.600551156952606,0.476218002851025,0.630678058291619,0.563715850135478,0.680966436140022,0.615552641208508,0.767751579126003,0.865856817763827,0.450785617007136,0.582867562598895,0.574038774907832,0.818926604133236,0.56715495409336,0.733305859097224,0.648494379723317,0.734618345009029,0.529714324407213,0.374509058949036,0.491859637928138,0.480378649159796,0.604537743713794,0.474417795877472,0.704226649076523,0.619850207869549,0.667131682319255,0.474739917806829,0.820507267947774,0.571480138160607,0.639993157203611,0.598844317083208,0.775706090301527,0.580314247943295,0.576482975247249,0.653002892701271,0.471528342938249,0.561628512649429,0.648103376518454,0.797840928126548,0.832789130872271,0.724476048639935,0.536632877071877,0.687396547853257,0.686541067501126,0.527273904818631,0.676711622172388,0.5014871727752,0.695875060401269,0.677726621187968,0.771918524439576,0.488762688183517,0.783995467582664,0.752014243206759,0.676472473101806,0.722114064048255,0.73886662333963,0.818805980584655
"hdz-040",0.564265224579673,0.576126980806412,0.713558098518296,0.722538210766112,0.586124162057239,0.562280570277154,0.440294732060318,0.314435182002573,0.408946425439378,0.52554227690399,0.641432154853962,0,0.466373906624692,0.428876765795547,0.516979267981175,0.463591218763507,0.630284916858107,0.30807628560862,0.579493617226834,0.320872079658479,0.527105061974738,0.530874150486935,0.4999442899599,0.605099071610013,0.496815621250056,0.596826040796279,0.52900109115325,0.391574249525255,0.559157637916731,0.573054414603999,0.591008826922678,0.643885572535129,0.451524638084495,0.485399282603313,0.542566736823764,0.544573194462714,0.648463610709014,0.637948730958532,0.64360964090965,0.620167111846195,0.4838193997434,0.73974532158185,0.630872727512513,0.622104118755972,0.674273129375019,0.629284261588965,0.636396061556057,0.664666403211068,0.48162034724714,0.556344524681232,0.485188154733619,0.597795132082856,0.550899481947803,0.643627561929895,0.304584130569068,0.484399529369514,0.6442633077442,0.643549252448657,0.552449085071072,0.598340393758329,0.660771886553708,0.581192529178062,0.641774279052895,0.641333636884137,0.671495861659963,0.782845709979827,0.536680768031153,0.613434737576792,0.666156514226311,0.741831666861788,0.59652441265923,0.603731565020087,0.575626974090441,0.647370513165062,0.519622513248154,0.636329355397584,0.573536848404336,0.60641190487292,0.429808289939162,0.633346687607669,0.654571147241142,0.80534031578967,0.714531663466529,0.645013395196331,0.798008334027402,0.607589017759489,0.619070939198899,0.6150689974525,0.606625900371994,0.312937858646656,0.623897942653584,0.63206716926038,0.710596331453758,0.637395390110409,0.392280066913536,0.735146497144358,0.807993199334842,0.75782329280723,0.538446325197263,0.571865032511635,0.602879178685235,0.347066780563742,0.483728979879873,0.835751435124808,0.661740642784292,0.812510419575102,0.846930583720866,0.708356011520536,0.89413812143031,0.433759620891967,0.602348781510735,0.613458363967298,0.757853880176828,0.725513625124615
"hdz-047",0.473937233301986,0.457771790746137,0.609208281344819,0.619328468532334,0.502467744767192,0.492809857265702,0.51671018909363,0.565174640632231,0.570083633594874,0.2621743821091,0.385550964464236,0.466373906624692,0,0.495784690903756,0.177623002585084,0.607866779994925,0.414640264507922,0.484577378668592,0.32392139821084,0.475708281910394,0.439435860231322,0.443145444071896,0.386268803228992,0.443693410036962,0.414313572991565,0.486433875676353,0.454547664383108,0.538383810473009,0.427554286914265,0.637167620188195,0.364628862498943,0.641712710262345,0.411848611406169,0.417688800939302,0.369796163907143,0.629369465366134,0.380069652504523,0.691419472166725,0.643420377568484,0.56106443598253,0.413007091801732,0.502527175039398,0.516775242555676,0.471793433875754,0.537488538139046,0.375382089473094,0.555276017560856,0.556594731568825,0.249509018058667,0.494456293396636,0.322651250894757,0.495852159642267,0.238852724826245,0.551554101349974,0.464858578602905,0.608366938322661,0.541025025815679,0.591519330816891,0.638639476730512,0.35452170120754,0.554407762784931,0.38464415848855,0.552433026693578,0.500235231820485,0.588824391739144,0.741863021244411,0.411852065254909,0.411826035631228,0.468074713732811,0.675847217077841,0.428178245827741,0.559054357682332,0.437512045250669,0.658539575990804,0.654487325555844,0.383669246673683,0.344393593781758,0.405440295014344,0.546454912016563,0.375272519824861,0.695481786661823,0.693024823424695,0.622559355470353,0.378430675089713,0.728681291890183,0.617548392883025,0.511280685422476,0.463369031269032,0.632096203145493,0.544120232671676,0.43427476109592,0.682319524373024,0.553487998650311,0.439570879257816,0.484576304457965,0.671167925833307,0.772618440488685,0.686900109772959,0.653542876913911,0.635997792991258,0.586211711785429,0.468875269881431,0.586690567788683,0.612702639321585,0.745438833946526,0.725851054279104,0.851956839804495,0.481476648130234,0.753376761878439,0.622107778023839,0.49935600492952,0.627033965633778,0.701544606394688,0.666793477437994
"hdz-054",0.561354497386778,0.546903177345127,0.634883195154138,0.62708797202646,0.6448439665732,0.574019682160854,0.430518981300422,0.595320641799041,0.567482272152096,0.556715597192033,0.569459162416001,0.428876765795547,0.495784690903756,0,0.40842893570891,0.547557320659717,0.556702365647585,0.291770270497352,0.549779467801578,0.277400320593085,0.544906105312768,0.601797339511432,0.573961210139597,0.54425610352248,0.559066322536377,0.540675204375297,0.585351161987547,0.356132692419212,0.575060226135132,0.481600816367514,0.542490186261176,0.395603936782565,0.512584920009827,0.552048475616393,0.482851963729856,0.404644624740032,0.609472335384873,0.562057290493928,0.735184898748368,0.567869885489118,0.543285686242861,0.605878285608444,0.625358338873661,0.550749522274732,0.603357335093048,0.688200322852189,0.656991231245265,0.642645511599761,0.556090736177307,0.66059854702809,0.522823289365757,0.639307810084088,0.540037653425401,0.700853490986059,0.411819050661887,0.251894545467423,0.580132196862464,0.652276233414059,0.341155780532874,0.636374204247588,0.608242208204058,0.62271837939623,0.74050003345867,0.521779348527832,0.741583123674092,0.824703337096397,0.523696133842105,0.654919869277726,0.562979860200403,0.761948984950897,0.673431528064455,0.680123058153977,0.528188410498707,0.612601875140399,0.434897244691687,0.566038149462942,0.523592971447198,0.570893087176781,0.395378388750787,0.514472495477283,0.641452915086893,0.746190462898003,0.696178701310647,0.582646005667361,0.858611506034368,0.446986292038792,0.630847625877673,0.673485691314935,0.572105773037767,0.399998664533095,0.670160299286535,0.475465687006005,0.578354595503209,0.555087813506644,0.456822179425916,0.805226161047621,0.80888529546053,0.722715435455621,0.353070453427067,0.581153248309688,0.5346824438862,0.431041255060703,0.392881611973552,0.782894001340958,0.578102568014638,0.765167151323097,0.796499289493676,0.567884319810713,0.843433568548871,0.511242312627045,0.557689144922703,0.633243076910685,0.73173104585926,0.786834937161963
"hdz-069",0.516320999084018,0.461759668593345,0.61025238581357,0.628483091304512,0.508033507293171,0.519706558177548,0.563486698571636,0.622784475964093,0.619299302913645,0.302307495943076,0.353287567722727,0.516979267981175,0.177623002585084,0.40842893570891,0,0.588156509022612,0.367832490670005,0.472674089073086,0.363895742836517,0.459634227874478,0.499027295360622,0.534134584582021,0.464788503492107,0.429798222665046,0.457020354675705,0.481930979810535,0.523545389288537,0.504401490733339,0.451576453499706,0.603863704665241,0.298944745376618,0.58335140041412,0.429558698836591,0.489815407532764,0.403906300567147,0.59894689754538,0.43049225140447,0.662444669346857,0.712221066747588,0.527433820658317,0.423846190016658,0.501222442083675,0.460586848235418,0.425006498129653,0.516667527110905,0.439858812850029,0.587389625823689,0.549913747660199,0.344327419092537,0.57978297633911,0.373936961586482,0.568445914850978,0.309362644596767,0.614094796430365,0.492863278910444,0.534845235098292,0.531409083733637,0.612103895826484,0.605955588131969,0.392431811798376,0.543396714821073,0.422149914842811,0.657061678045992,0.492574650047983,0.680845971239813,0.79679813121948,0.344494162480148,0.48601365884983,0.455928154536801,0.723492536202575,0.515206307495388,0.638871518981804,0.454634235298962,0.654422356219219,0.604392219281084,0.36068044601916,0.328513948934938,0.394295552295362,0.526434073187097,0.31626781632022,0.689765359606707,0.66805448218326,0.654759211031932,0.319684038564453,0.788657528201599,0.611942881209864,0.508004991625863,0.508322494817169,0.660271882247543,0.554610832687495,0.494901669052725,0.629751459719481,0.485549084060196,0.39029393136577,0.522178290917655,0.757575233602712,0.78941458938026,0.676425661263517,0.615180339027591,0.636795786463347,0.610350219402761,0.570910371866372,0.559635926641357,0.575718383477483,0.732910712391406,0.706140713805902,0.875225680065111,0.469072863897883,0.731749343719615,0.563219059483277,0.552391520196073,0.674909358127074,0.694244001366862,0.741068664565395
"hdz-064",0.654541489934084,0.63154539755562,0.717873417130115,0.679356317426405,0.568375395719933,0.638213147775188,0.486908832717893,0.365380940182962,0.311318014023353,0.563568743851194,0.553476349450547,0.463591218763507,0.607866779994925,0.547557320659717,0.588156509022612,0,0.670205847397186,0.539805818952423,0.645980651926269,0.425062789028541,0.64099707289083,0.61127345411533,0.620707662174354,0.584018504769607,0.594265738345729,0.698341373051213,0.615445906653726,0.502634511772533,0.61751238100634,0.434197689501749,0.58647288954882,0.565361905215033,0.66107487518346,0.628867438599839,0.670902798747223,0.411659941490551,0.667164879441906,0.370743591225454,0.751267747512167,0.656601691685911,0.621043806109773,0.657921695585071,0.606336341617749,0.531274611313878,0.612625599328305,0.749743010010903,0.726478600638994,0.669361500126012,0.664024167094192,0.6745327797422,0.634831631993485,0.721500034897953,0.666562533591438,0.759558513472992,0.547343999243384,0.558072512910042,0.601737459789855,0.790358707735841,0.557938845729013,0.656119857345405,0.629028611698976,0.673422167751304,0.719249465910021,0.664795861722449,0.744874363263813,0.859282756370379,0.521823758023516,0.652064484719092,0.596188972224932,0.809047727419021,0.673486789381676,0.688302192305209,0.677868859271952,0.634309587283111,0.458700148109537,0.593999042945915,0.628421342084707,0.665611095016801,0.564002465947767,0.706690894934297,0.535358544022509,0.768413479359319,0.678461433304778,0.652154624810044,0.814296908345449,0.534604714314391,0.590535136563023,0.745263063998695,0.674674825896367,0.495077175394174,0.637532141047183,0.590632125847737,0.693324636390446,0.66526821698622,0.537807627327705,0.77244470933775,0.816216462231768,0.776952951085796,0.442992173533623,0.616784965673416,0.644868505341442,0.399461888672985,0.559889545455061,0.854462109138871,0.698805048767445,0.808795805512775,0.677544844409621,0.657982598188875,0.903279011680278,0.649362363222224,0.704823127698572,0.601018530074786,0.771396160246775,0.781219753021171
"hdz-063",0.44144849265777,0.366210315544605,0.485456773158838,0.471511697143971,0.497860187482044,0.442855931179831,0.586829800885829,0.67506237431824,0.641341533406853,0.543725186161891,0.564530407163481,0.630284916858107,0.414640264507922,0.556702365647585,0.367832490670005,0.670205847397186,0,0.586910598997319,0.351698851168641,0.591615238468888,0.447457596143557,0.46395518932722,0.481426330354272,0.341223548647544,0.463124384776352,0.500146457967719,0.495531721647225,0.614980390936409,0.390003261950104,0.686835376895108,0.428172342615411,0.684385338840244,0.434100310562924,0.426745138225621,0.411462382904348,0.688444531293456,0.577862088718964,0.705799924601346,0.689965739198297,0.441210905071112,0.466800459163603,0.437117229912815,0.535519257742371,0.503842118031675,0.398386341107937,0.566403092991338,0.409505401990752,0.312480066936729,0.452507354065318,0.438388681368796,0.345455160795299,0.368920519755996,0.442484880151012,0.460401729005544,0.575970485726079,0.668211544135629,0.421888922782985,0.48323535308091,0.647955431268134,0.440021246168168,0.387145227450504,0.377334438008907,0.50692301368273,0.348747514781103,0.617288934719723,0.73153571383299,0.492725858480072,0.458631130523148,0.261065419009803,0.662666201030721,0.46879124839838,0.528317043631269,0.393799913889747,0.586493639138828,0.67738704186674,0.499103064153852,0.383775758370218,0.335731085215913,0.586750845930693,0.437705910174437,0.712998766360789,0.567525108490399,0.594634186125573,0.529216724641483,0.713768400683051,0.639970800163742,0.34729724806026,0.500636344679936,0.721452884522673,0.634390009344083,0.474678514521931,0.664969452415698,0.600141424937363,0.274432496357704,0.584995563249886,0.727795741821281,0.74580832313936,0.647729662852247,0.680854375379163,0.635023945722615,0.543534378810159,0.637047809670574,0.646196704137228,0.772507723863708,0.805890397059681,0.621738639636346,0.909367281623153,0.474350117403216,0.607960884652458,0.645618135116174,0.419595502233529,0.731043145365663,0.647578622601214,0.70508697540373
"hdz-057",0.527160715360975,0.581372614463872,0.717159126467062,0.724207351324032,0.557904692552272,0.559145471279582,0.368997084975206,0.487730316731558,0.478243687194554,0.450863191186397,0.615699690796861,0.30807628560862,0.484577378668592,0.291770270497352,0.472674089073086,0.539805818952423,0.586910598997319,0,0.548866075785259,0.203657475169238,0.53429957496618,0.531428953349662,0.476376000826206,0.554114334369156,0.466410786062279,0.596310632496549,0.528562846291642,0.233346933675517,0.562906426442553,0.475070594959815,0.626048090278995,0.52059769368288,0.411469777816056,0.486118426703121,0.484431837641239,0.510065121601607,0.584365398456533,0.589421465138755,0.688155201400229,0.634362043960313,0.449234486656835,0.713790652465378,0.632907435070402,0.583575556313677,0.687377455673665,0.673791177448679,0.692002247542437,0.682696784472866,0.546972622990691,0.628027750855256,0.532715797166896,0.63506972367605,0.533563754203989,0.644823745229742,0.228748038330756,0.369650828890625,0.639556123859927,0.60729800300563,0.477644822498648,0.672426499361112,0.677888801348394,0.62263979383029,0.70002072150807,0.626711329088411,0.69948963977072,0.787313875906092,0.55636246759333,0.630231804067061,0.6402546365497,0.740502438769407,0.644379849672648,0.645105105517298,0.509407359592185,0.658199933860757,0.417750105250412,0.614042355641192,0.565225323323366,0.603943803377968,0.407951937316527,0.587183265279528,0.524723735043847,0.802733561650075,0.65855679703627,0.603961383805124,0.813065390287353,0.552650565037121,0.662638998320174,0.594078365797103,0.624246821425793,0.266194594011932,0.642664152261816,0.546545949027087,0.601865274961736,0.610075796845976,0.444336643497472,0.741997747029923,0.832371658049923,0.717177894387428,0.430549719002722,0.441974128960815,0.516134454991579,0.317605085663704,0.324085688888045,0.771362625541496,0.645411029326777,0.815682814809863,0.842848020299574,0.667485590119604,0.862696154415237,0.478673479144173,0.596080223549539,0.634263627744741,0.744453951510822,0.747145179324302
"hdz-071",0.389030769456302,0.387234191764192,0.554578496710589,0.475690642150177,0.543590759423134,0.463886734036048,0.533020346537749,0.654740673546874,0.566378162264189,0.462051061291915,0.507055176640593,0.579493617226834,0.32392139821084,0.549779467801578,0.363895742836517,0.645980651926269,0.351698851168641,0.548866075785259,0,0.592027402712234,0.346897505416565,0.37352424714398,0.391145386842462,0.45564985537409,0.330741362688287,0.499482822941771,0.431139477270973,0.509323250148697,0.278248155973301,0.626414155111811,0.381090619612384,0.645639429024633,0.401696342310703,0.310542883796786,0.321506026975437,0.660213056811922,0.397142220657232,0.715912722650895,0.615642975330486,0.54418082259496,0.388380239968425,0.329331634452441,0.44520601156771,0.385130855812165,0.499393817810188,0.46567428438772,0.468230501303407,0.456437269046132,0.352252073994262,0.439736955166427,0.288300880899881,0.408165805706411,0.264616544398845,0.49984269708935,0.513945013389747,0.615046308756671,0.469911269293033,0.551096143744275,0.640519217174779,0.323322101638107,0.470532495496122,0.268193078453694,0.486405213624586,0.403380505521865,0.557605637778963,0.744342988954684,0.383079158056827,0.292632036230462,0.293170782696896,0.650617539405321,0.349782699585462,0.547836665288086,0.379969237629555,0.575677281807569,0.687140036309536,0.492256928051579,0.300337941561348,0.28859186231571,0.606221637861843,0.36318443027662,0.697086168296745,0.61064827739291,0.569871536102295,0.517072484265365,0.714818330397306,0.626996723931765,0.47679639798891,0.434189331292937,0.667590871817251,0.615953739851962,0.337663886276143,0.665540158523891,0.53622273077451,0.37898015638218,0.510685057201998,0.714696243210122,0.725601349251079,0.719448562638849,0.672912644875345,0.633417642683088,0.521567972684767,0.569310970236008,0.57457789917531,0.733147889628719,0.783307289641607,0.623946902606018,0.881132932409645,0.330533726996872,0.686919818930158,0.690201968284638,0.483219264945883,0.67280344445533,0.659501074241335,0.70113035635042
