"","C1","C2","C3","C4","C6","C7","C8","C10","C29","C30","C38","C39","C42","C43","C46","C48","C51","C52","C55","C59","C61","C65","C68","C74","C75","C77","C82","C86","C87","C88","C89","C90","C91","C92","C95","C99","C103","C105","C106","C107","C108","C111","C113","C114","C116","C117","C118","C119","C120","C121","C123","C125","C128","C129","C137","C141","C142","C143","C144","C151","C152","C154","C156","C157","C159","C174","C177","C178","C200","C201","C416"
"C1",0,0.449474171938842,0.378576913224231,0.441636674275744,0.614764516582914,0.347325883270459,0.539075459569821,0.615846884332798,0.573871482622862,0.452956090647877,0.398109980384981,0.504470961321008,0.334281840197244,0.400676833656125,0.488729589597922,0.538392260019778,0.354823892629773,0.464086926283822,0.401552924139056,0.565385258405362,0.643709126142732,0.383229707856969,0.66565854211618,0.613100863084427,0.753285606593541,0.621599868315649,0.472290512720533,0.372317861445254,0.680526395693624,0.315636047829958,0.49583162470905,0.304196255567671,0.468167095523743,0.322097306219694,0.374600590685297,0.611929895910838,0.462549741005447,0.605037337496512,0.517838399051534,0.417538318527422,0.534432146997152,0.392599955680225,0.440865960310932,0.640328880843562,0.383886711120002,0.409401309235119,0.458290811980155,0.444737019383108,0.438546894624692,0.365837921306846,0.682708703452485,0.696945748274643,0.504203009182534,0.387232193705431,0.798598907133522,0.375331564001226,0.602242046946527,0.644778810385278,0.59786552538418,0.552895744542097,0.638482976319058,0.706722887212219,0.712139057755509,0.573852944944058,0.597271156780908,0.825104824424186,0.789390315187022,0.886538463474534,0.695403443934811,0.467878353099198,0.529075630701435
"C2",0.449474171938842,0,0.542597890842823,0.356686553248928,0.400204029315835,0.43460314286821,0.469686208129285,0.656629438891095,0.572156555765232,0.37124636554569,0.375518324779106,0.561557150312233,0.32939468903998,0.393066693489104,0.359837722675967,0.467579769532803,0.490718633803908,0.383027316826923,0.357733929363671,0.446446688988432,0.544069449068206,0.38583796789958,0.604886363702989,0.460061287000236,0.657442371522957,0.637334766824366,0.360226945302991,0.359389727185413,0.534093550462428,0.56990170629647,0.330854774322068,0.492481532608864,0.288090427098214,0.463551780605966,0.559339807730636,0.541884474532684,0.46454175350882,0.403990990540178,0.517089857833101,0.40962628928073,0.484690058678427,0.305665337385067,0.6332477726232,0.76048192317152,0.482549849965652,0.319358629404099,0.679425790652636,0.399890277554711,0.588842475491714,0.242199584139613,0.591612249592036,0.602884313127591,0.350016820527496,0.411734885740058,0.553333211612661,0.507496139402931,0.520296918434273,0.651384054354079,0.546445876458942,0.748710372570619,0.700526582963807,0.602400770157379,0.644269527381915,0.467734716009515,0.639473327510227,0.734719683203131,0.54867423781317,0.845379247846157,0.685378989392824,0.707692035834413,0.705428934522134
"C3",0.378576913224231,0.542597890842823,0,0.355880984702866,0.691760622167027,0.470130936276791,0.653244536740945,0.68172865642659,0.697940219668608,0.481890492378687,0.53168361904635,0.680436133482521,0.478870438604383,0.569624737567936,0.666207596270819,0.594409961803237,0.463406321085792,0.583248571240517,0.492831998765156,0.626017998395728,0.687802652633358,0.478171385765499,0.714453257467724,0.685027713174547,0.787244744627155,0.662452329454118,0.627848814946927,0.35876573795071,0.790997983047364,0.270655932076017,0.547798259665927,0.270118522305523,0.569443118910159,0.294002462150264,0.251486716024636,0.669330575585469,0.536679585063105,0.72225565252682,0.56636819615395,0.417771508414395,0.587394325767051,0.417312216169486,0.398280613537077,0.594128597397529,0.433418723398042,0.48481860401317,0.434826921448655,0.338062899324848,0.453066547795701,0.503649745199267,0.758925525855629,0.769789605762984,0.599741488212525,0.55158806522101,0.759058415758595,0.350465073735669,0.594050291347922,0.620539284450521,0.721272459000461,0.566247032369229,0.598378947802598,0.744412605484723,0.817736647320576,0.669054535384296,0.675423541575832,0.816932634602448,0.77916005208889,0.883662454136191,0.839328992864853,0.375919099431927,0.501388930217094
"C4",0.441636674275744,0.356686553248928,0.355880984702866,0,0.610149791772228,0.469331657476276,0.551147559983901,0.73532320150038,0.638742217280608,0.474448426751191,0.463004343983861,0.666571359321016,0.369389946444476,0.508974518411396,0.583122914050002,0.553614049375723,0.498047700342614,0.51560128827794,0.50427737425186,0.572504601642045,0.609757642111354,0.368280033243955,0.59948765765061,0.553982999439036,0.684846342662031,0.645726195679532,0.577630029852883,0.381964047059819,0.661021603101039,0.406548723576215,0.498826531033934,0.368439121022571,0.480008042651903,0.357855281515752,0.450821366771113,0.634407824773532,0.43740396186772,0.603567354110797,0.488361090182431,0.242201845741258,0.51249051077181,0.351990407784826,0.500326019841256,0.753253696037818,0.53448834236788,0.311379604060208,0.648650163997369,0.498579584538021,0.508317971355052,0.382628922097645,0.561325917677551,0.680757021260543,0.475630191918361,0.542638383711421,0.63621263195877,0.41710814172554,0.617688333061564,0.737440618869157,0.696078599961078,0.722558276196844,0.718008683312139,0.647497540943636,0.706496766902875,0.525216785530765,0.700704986480597,0.727074328649188,0.646784939130099,0.817824446198306,0.697871813096381,0.592054252057911,0.718127513658803
"C6",0.614764516582914,0.400204029315835,0.691760622167027,0.610149791772228,0,0.548493079282241,0.621638220046348,0.649675843946385,0.582222992146358,0.523076729659374,0.580851226206144,0.596204150591416,0.524167217161616,0.389700033193356,0.337474566580866,0.332637115094132,0.678100865573802,0.312943642796005,0.478341775612843,0.666926903168943,0.566230421313893,0.522120858933426,0.605565497669974,0.544417715224433,0.5829206045157,0.764112115616048,0.419063948298049,0.499206074019159,0.544300797872822,0.735438208330707,0.591160611343383,0.653938601924471,0.480515932953572,0.643966583552833,0.667970308455155,0.609291893881459,0.539703014363817,0.468361309915095,0.693313011075877,0.586786647569769,0.664102616212882,0.525376680822075,0.74409514147337,0.852375776460929,0.639775462988585,0.495002353941624,0.785201481650404,0.600286704341056,0.731071598019108,0.451976226341072,0.695924204656195,0.544733175317677,0.539305604429037,0.602561986472026,0.491302662420662,0.59156894099118,0.57309827654909,0.68471870731424,0.53789114609947,0.765866834277838,0.800609889121511,0.582537833105575,0.566570580082135,0.580565665079899,0.604749566799714,0.74765583306242,0.466644035418152,0.754563801450447,0.678152378689505,0.754170547436247,0.799600042797112
"C7",0.347325883270459,0.43460314286821,0.470130936276791,0.469331657476276,0.548493079282241,0,0.452297382717328,0.585350416373981,0.590838466848845,0.464964258898976,0.513615662581235,0.513998392688813,0.248485221962589,0.427697888769743,0.469442652331867,0.535680803555095,0.400726650417372,0.466735030929585,0.409014794619584,0.551828430019475,0.637080091444821,0.370112892601547,0.645985303763706,0.610466179569453,0.746868655886712,0.601417493550083,0.461587527481649,0.365522278252156,0.55871490477803,0.447375011290164,0.446758430914742,0.382896569122118,0.404839926674343,0.399469324307219,0.474675676559287,0.634984680562052,0.401567669669643,0.405277779074374,0.448395739596197,0.409160932703486,0.460880015388592,0.484588113692299,0.466467262841955,0.736715162867623,0.586106966428571,0.473736398142272,0.59830377649438,0.506273806084149,0.48543023096029,0.343455409872841,0.516513184912447,0.668325125200825,0.456864577846102,0.506665629031721,0.639378415905208,0.396200037231642,0.55010015978622,0.694615011829157,0.574901057652193,0.618327238958489,0.663092877041145,0.6594689039962,0.722522761271337,0.60423663622127,0.565289933675041,0.681292680025392,0.654694668987193,0.871259168290753,0.76860012327824,0.57725111867016,0.673587400750503
"C8",0.539075459569821,0.469686208129285,0.653244536740945,0.551147559983901,0.621638220046348,0.452297382717328,0,0.521200176615575,0.394281935071352,0.594910296441587,0.526014092988519,0.347054051576266,0.41705956815232,0.475975583481195,0.526696775475384,0.579515490011004,0.518452831500907,0.474786607581537,0.495663353777003,0.595248601248915,0.653881389215861,0.540218205728337,0.494546600035792,0.528841177325896,0.69770417430414,0.543467840731354,0.489058085004573,0.527868705453678,0.649270173007904,0.611078279661371,0.417669385042543,0.534024088746695,0.450598356581602,0.525837076349869,0.607648437909582,0.578039311641167,0.552968380555964,0.524284802716222,0.423339449736989,0.527649449585507,0.503738113638539,0.592900906557652,0.598261109397529,0.759403726365052,0.579155946235418,0.513437458785029,0.700826694706406,0.513204079058932,0.498360232968243,0.468447941548118,0.555439167498629,0.612838726330657,0.425285523524377,0.550448819787809,0.726755720731826,0.607707790396419,0.596891409548061,0.704988243048696,0.596459056503662,0.709128181223591,0.697686809269263,0.600428895012089,0.706130316080785,0.459453105602362,0.405694520639529,0.658893000002473,0.723803886817597,0.812058991475557,0.680403314422338,0.756836591464396,0.690029758065808
"C10",0.615846884332798,0.656629438891095,0.68172865642659,0.73532320150038,0.649675843946385,0.585350416373981,0.521200176615575,0,0.362759695490819,0.64325856692097,0.615916180967424,0.472035419583323,0.636164211383,0.592018426661657,0.641908634962225,0.62308375558043,0.585701933649017,0.592368378510914,0.595754046789784,0.668075152540271,0.76758603462498,0.661004198304117,0.54769846012878,0.697241344686676,0.561273622791868,0.705347867198325,0.627041522621206,0.630066456362263,0.745289476889819,0.694355868518786,0.650207183989932,0.656455694598965,0.647414762985078,0.620439489534435,0.685175618622448,0.625986723762317,0.778722651753796,0.657600866222206,0.63831405155584,0.684968026946321,0.679418224475919,0.697595228956788,0.7430508830502,0.820701181458877,0.653094869695081,0.65396740279166,0.763007855248911,0.612117940590103,0.646399863053317,0.601198809667993,0.709806606709399,0.605533149006108,0.7025147588907,0.623182182848854,0.871062510046388,0.591346679669858,0.692446984335478,0.739874291715904,0.583363237200253,0.76544126828259,0.794153934335918,0.595701758600774,0.632945889517017,0.614078516539897,0.314573626507509,0.834643869274026,0.885930904217455,0.809384885842139,0.718989304864231,0.744889063530651,0.764375472325239
"C29",0.573871482622862,0.572156555765232,0.697940219668608,0.638742217280608,0.582222992146358,0.590838466848845,0.394281935071352,0.362759695490819,0,0.681632047233694,0.570880460616205,0.287453863663366,0.539618321107223,0.53759586626335,0.58628333961684,0.594786928314533,0.550578687835481,0.560904269888658,0.534057224253692,0.567301879862251,0.639269235812756,0.58132902142707,0.43207411020989,0.567897285629416,0.577038377787009,0.686341859307236,0.586622159077167,0.543312551456024,0.708185070842299,0.705828718813417,0.529800715041049,0.604063395946972,0.551370831176229,0.608060805654752,0.652576281283002,0.58315319528583,0.667669848654147,0.599177108365329,0.5978364503235,0.639750431940868,0.633033048504942,0.607996013368888,0.668486258013062,0.793554948064365,0.593939420299989,0.576412991640937,0.757117283928659,0.59822781106744,0.598778799364302,0.55475355130851,0.675781235388674,0.547141806247073,0.597219067156877,0.579493611376892,0.795721372942911,0.611834122127549,0.701105598640339,0.713406520231812,0.612539377313023,0.741195388907931,0.760858746142554,0.490359001575889,0.637471103622309,0.578770424642556,0.350018287486987,0.73005859179794,0.791349534876743,0.766912449310208,0.658476993535008,0.746744249802721,0.718783242525083
"C30",0.452956090647877,0.37124636554569,0.481890492378687,0.474448426751191,0.523076729659374,0.464964258898976,0.594910296441587,0.64325856692097,0.681632047233694,0,0.354624513589526,0.617747525134045,0.500249569649887,0.472341363359894,0.478252853699645,0.417826039621244,0.561662717104735,0.521410140230447,0.401161882504509,0.589133775504557,0.615550865556963,0.441697074165546,0.700399561761686,0.627736502831671,0.728135422249938,0.690269940040645,0.444110737832327,0.462498110343199,0.652505025175115,0.431662702713152,0.452603092198171,0.470220324344964,0.370786198198948,0.397129067322683,0.473217504442733,0.664893445045376,0.502187985070414,0.582911257264996,0.459503869971068,0.409565366334555,0.429708306368409,0.398667621902918,0.601225155122711,0.73247744895877,0.431280913024812,0.307573699290875,0.663077314060865,0.431693480295508,0.55921772622109,0.40450934918654,0.610132452268035,0.71078063487742,0.393081473192956,0.425335635112016,0.605822270607955,0.342648484279971,0.430509617772998,0.601129748446274,0.580479908466303,0.717646056808501,0.766866285307574,0.704063749855827,0.66674127648624,0.546247500547739,0.64023345887863,0.82589808604591,0.640954733089032,0.911329879105782,0.746875441457355,0.641118417997426,0.69774986875996
"C38",0.398109980384981,0.375518324779106,0.53168361904635,0.463004343983861,0.580851226206144,0.513615662581235,0.526014092988519,0.615916180967424,0.570880460616205,0.354624513589526,0,0.553904268798702,0.394454757286689,0.387587035250943,0.430954059148904,0.475174676592853,0.443772086434257,0.46295858723521,0.297408566811157,0.441230421059706,0.524672414571483,0.303359358560283,0.658052503378321,0.444647302354609,0.741971985008669,0.62461417914995,0.406835658957509,0.452867792888852,0.591357312118474,0.516276996543104,0.32105728613743,0.430440520863515,0.311054578986846,0.41244940644941,0.504221123359241,0.606196869911426,0.522092100733431,0.54985161316605,0.357213272142066,0.460442131697786,0.318407776195883,0.417930320301773,0.561761083404663,0.722683032780203,0.278463894569263,0.301824879616206,0.625303988641875,0.329684915559926,0.530516633307039,0.364473528446019,0.61608585214984,0.692634032983768,0.331556716229294,0.298496586436329,0.662462196414435,0.505831793522246,0.471331635446504,0.513106325260817,0.50558937031694,0.706238072596206,0.692298898559824,0.69152903596564,0.687230207016449,0.541245358056754,0.584079872426619,0.769786549569366,0.647379577693678,0.881120196891023,0.669279249285239,0.651245914526125,0.674017929431914
"C39",0.504470961321008,0.561557150312233,0.680436133482521,0.666571359321016,0.596204150591416,0.513998392688813,0.347054051576266,0.472035419583323,0.287453863663366,0.617747525134045,0.553904268798702,0,0.468811682453891,0.458714683385223,0.487122786251338,0.556217407092074,0.52013283413603,0.536898553320095,0.553713221847347,0.576319510994642,0.610301035169825,0.534241103379898,0.476616137923536,0.544671425779799,0.611778356657345,0.646462029574027,0.492026267770963,0.565179415239097,0.675808093318645,0.692247769340764,0.504597414272748,0.598235561483327,0.482830217033177,0.592674285857725,0.644804122089914,0.445061357331258,0.6112031942781,0.520350978480048,0.576605390264878,0.641482406868126,0.599776312500348,0.602780479032725,0.650735400379647,0.795462384685781,0.593532745142893,0.597662653797775,0.743114153814173,0.5948729723654,0.609843295661723,0.511333649358565,0.65187720046342,0.496860708075806,0.506992157205458,0.57276843498607,0.788718756432081,0.637122601670677,0.653138894364867,0.65417379114373,0.495179059050633,0.729906800589731,0.758986182765792,0.497199066289776,0.587933755222351,0.521363018552953,0.270056197866421,0.661486374490693,0.786720888623883,0.808588730417251,0.665432135619249,0.74125741921311,0.714405440820007
"C42",0.334281840197244,0.32939468903998,0.478870438604383,0.369389946444476,0.524167217161616,0.248485221962589,0.41705956815232,0.636164211383,0.539618321107223,0.500249569649887,0.394454757286689,0.468811682453891,0,0.327201014632686,0.406305417783051,0.462420498526352,0.408194714160269,0.392518119527349,0.297680802736725,0.48356932347999,0.603085538974712,0.265440078168386,0.609260800438957,0.541407719483334,0.775419421051681,0.551473848161007,0.409467746847279,0.331212610270205,0.55050387609656,0.491865418217976,0.370157488347673,0.391466158216981,0.301627473081213,0.380589987075716,0.443156407627454,0.610989069477578,0.338072594764354,0.452341794160986,0.428362146043736,0.366307735720053,0.406194931434603,0.362602824793914,0.468245386220837,0.734238036089919,0.486567805644061,0.37811201623561,0.62701922492123,0.446082144482455,0.496883679746345,0.246655958177159,0.586574286331014,0.65194365117918,0.419241015803316,0.430273830008694,0.637715841055458,0.436595291605742,0.580309579103697,0.696654849564581,0.56111711015385,0.658869936141527,0.635462561729627,0.657989258541785,0.754899037088272,0.587097194963147,0.576475955618578,0.744827712477455,0.638772814596777,0.862736417363581,0.692017671326582,0.608654556252004,0.66841628363052
"C43",0.400676833656125,0.393066693489104,0.569624737567936,0.508974518411396,0.389700033193356,0.427697888769743,0.475975583481195,0.592018426661657,0.53759586626335,0.472341363359894,0.387587035250943,0.458714683385223,0.327201014632686,0,0.256187970397111,0.27035058341992,0.45912619968844,0.164116980002287,0.400161099069983,0.579524012036501,0.654527979409503,0.390553934748491,0.599841494120808,0.55422676717254,0.713831549293924,0.637808677617038,0.24948810717992,0.450473472374687,0.673891152070363,0.574004650963927,0.44507505850255,0.504521116797638,0.386056536920701,0.461621920162125,0.532924004322063,0.607435126973996,0.49672518439244,0.573157113144818,0.486053161688978,0.497677763184834,0.487670625821926,0.417533252162431,0.614528442536451,0.789076760872543,0.460605162169125,0.367455413877647,0.678942718407411,0.480155784372062,0.536965295696729,0.366913379841637,0.674322711057606,0.612356355843783,0.450901125644621,0.451276804393921,0.678112180384421,0.527777448777238,0.49747434420895,0.650637912731941,0.475228554752571,0.707877440631564,0.718686329383651,0.615914685248739,0.729078327432045,0.667572178899686,0.508181096552538,0.756979663411366,0.63403193261518,0.854912461351945,0.691044087568816,0.667262967022509,0.699594967322177
"C46",0.488729589597922,0.359837722675967,0.666207596270819,0.583122914050002,0.337474566580866,0.469442652331867,0.526696775475384,0.641908634962225,0.58628333961684,0.478252853699645,0.430954059148904,0.487122786251338,0.406305417783051,0.256187970397111,0,0.317375367925552,0.556255567690329,0.288045212094602,0.464930900766518,0.595589730770863,0.579496819901464,0.427690170509599,0.605176722373032,0.48238732887805,0.679106971796153,0.632989418398389,0.24028988420592,0.499057693427921,0.589549694997528,0.650122098318898,0.418658698933315,0.576198586083717,0.385624356706482,0.591117458115166,0.607712546851105,0.56910673664182,0.469788649277087,0.481569896916114,0.564726331972188,0.548415417712532,0.476100109410963,0.464849394954232,0.673550236571339,0.804912540164026,0.482792996064589,0.428935780111,0.731090278530193,0.474859194599847,0.634988051045555,0.394885309731562,0.641830029341492,0.542430275004319,0.414028485532157,0.458744405165742,0.590245666841233,0.591471979583782,0.455857550645635,0.61879133963723,0.426473041201136,0.696120601672826,0.732613885829677,0.570133118113609,0.688147157001219,0.651572842507673,0.562124639649161,0.763144879267161,0.509000050248137,0.825103506985386,0.679870712541547,0.742147252121596,0.728200211114456
"C48",0.538392260019778,0.467579769532803,0.594409961803237,0.553614049375723,0.332637115094132,0.535680803555095,0.579515490011004,0.62308375558043,0.594786928314533,0.417826039621244,0.475174676592853,0.556217407092074,0.462420498526352,0.27035058341992,0.317375367925552,0,0.580504589294584,0.295914365605214,0.430632290822122,0.603932501808897,0.646649196301434,0.442045727711487,0.590650920216467,0.56515019912277,0.62486032099319,0.718015303386573,0.366407160674106,0.499264599716911,0.644882084886672,0.553757618481658,0.525188889891999,0.571301443262708,0.410475095353146,0.556518621298816,0.618917121519154,0.630216126290757,0.559451779264611,0.600242619001093,0.582663538488318,0.548118084482986,0.531300619365594,0.473487254341641,0.663387369458498,0.832690786269086,0.535902221464714,0.402701273258549,0.720975763414896,0.532575167609175,0.696575027835027,0.45938295204774,0.688922472458692,0.576606008140694,0.45632598373286,0.4936430732512,0.562159552352838,0.516548626377211,0.540215089561307,0.662579376102703,0.476676371250343,0.713725828567853,0.78935276836762,0.53597416437859,0.719711634792266,0.711645351029941,0.519884550596798,0.77678025359401,0.58323412452801,0.817808304725918,0.674754769383905,0.679808976594783,0.731815623070637
"C51",0.354823892629773,0.490718633803908,0.463406321085792,0.498047700342614,0.678100865573802,0.400726650417372,0.518452831500907,0.585701933649017,0.550578687835481,0.561662717104735,0.443772086434257,0.52013283413603,0.408194714160269,0.45912619968844,0.556255567690329,0.580504589294584,0,0.521493417964084,0.449826388691788,0.506542145412425,0.680451005285971,0.412200138528503,0.674528277881922,0.625682324491539,0.773063116698708,0.609321962185826,0.539711887366979,0.470762698361112,0.70661477346447,0.398044353154488,0.465294849068664,0.337767879676812,0.506731906163253,0.330622272106401,0.430151353758294,0.584902477454781,0.521237707464448,0.639171273651119,0.531700836044025,0.50332974199602,0.498293539273459,0.510640965988059,0.445970466801121,0.627492420571191,0.481198190652237,0.539281198745764,0.480951161984317,0.469007511396605,0.371139113832935,0.468235253231994,0.744417560383663,0.705551463972975,0.584961334933378,0.460573864168198,0.835096323814823,0.473251480292583,0.593940868526749,0.620298805859784,0.61064181171757,0.547966955801396,0.561338496556609,0.696798933602757,0.723649268856498,0.62656837981443,0.538742110521985,0.78661127628084,0.818281634715668,0.889045681709858,0.748660076082029,0.52658080919068,0.564425515825245
"C52",0.464086926283822,0.383027316826923,0.583248571240517,0.51560128827794,0.312943642796005,0.466735030929585,0.474786607581537,0.592368378510914,0.560904269888658,0.521410140230447,0.46295858723521,0.536898553320095,0.392518119527349,0.164116980002287,0.288045212094602,0.295914365605214,0.521493417964084,0,0.403023862877012,0.584616805822875,0.597079476130901,0.400633821481152,0.556547022878122,0.505716892763801,0.636214260237272,0.65243252221669,0.302358126774858,0.434238621352309,0.645197787007238,0.601696579507692,0.499151518276227,0.54925573489278,0.423500060092849,0.507583034890072,0.562956199532842,0.56050727100024,0.503941207414149,0.544946803940497,0.562548942216606,0.515538737541875,0.543624862623865,0.387988705979144,0.651497018715968,0.809826280843867,0.52389801881761,0.402906314270652,0.684427507908696,0.54774416085046,0.569766927007405,0.336553009842742,0.67672277912038,0.587702830892397,0.458963723824405,0.52698009386585,0.649323306245814,0.536121079591493,0.516467915623754,0.64054327407499,0.490453993516301,0.723284166843024,0.748635369794939,0.592878048267529,0.675388612182465,0.627542815489583,0.530340900528315,0.755000919008727,0.587972528749194,0.844090397123484,0.65647195057361,0.684469796137633,0.721051757732487
"C55",0.401552924139056,0.357733929363671,0.492831998765156,0.50427737425186,0.478341775612843,0.409014794619584,0.495663353777003,0.595754046789784,0.534057224253692,0.401161882504509,0.297408566811157,0.553713221847347,0.297680802736725,0.400161099069983,0.464930900766518,0.430632290822122,0.449826388691788,0.403023862877012,0,0.493643894209499,0.525185922208787,0.329853209252853,0.671582690442443,0.547951633838381,0.769275154777393,0.62769451592007,0.389118238837134,0.399309707647912,0.609029548712826,0.52773036247763,0.365782718163745,0.419309244981654,0.288104822258675,0.445065296894141,0.472512278004909,0.617563310694197,0.493093243827821,0.543095019331223,0.480678225810916,0.508256000618026,0.360984374101815,0.343650548984533,0.542135810993431,0.704974842246674,0.382034482013082,0.317990150813936,0.612976615721052,0.45316464571632,0.538791147156625,0.297057818966188,0.658076451039721,0.744150466408377,0.418822186509987,0.40261827291534,0.58269775642744,0.463484934401787,0.438685691568972,0.551144583714879,0.58724894249544,0.682586420728714,0.701271071882741,0.732710016198537,0.754418573663347,0.621001287706447,0.568006053054134,0.78265675213293,0.582555287507683,0.889511710314213,0.751929446821507,0.62497620016772,0.65425199370354
"C59",0.565385258405362,0.446446688988432,0.626017998395728,0.572504601642045,0.666926903168943,0.551828430019475,0.595248601248915,0.668075152540271,0.567301879862251,0.589133775504557,0.441230421059706,0.576319510994642,0.48356932347999,0.579524012036501,0.595589730770863,0.603932501808897,0.506542145412425,0.584616805822875,0.493643894209499,0,0.352157946524917,0.491097645612545,0.674899854927398,0.319624626122826,0.666293874422967,0.701348495574786,0.580046169439621,0.524059868925326,0.419681056511421,0.585709561207194,0.430708700058398,0.60770542666093,0.471784977051005,0.602259758557628,0.686028425810587,0.551390594878396,0.649523748000605,0.377676301509972,0.349365183686071,0.589934744799452,0.457786907627765,0.533045883312705,0.682016947119781,0.833448736021214,0.520493502806558,0.49129957023986,0.736164048612302,0.545776036268508,0.628739976444642,0.521307761010497,0.650574239136119,0.587680172233713,0.441141260307635,0.482612236219835,0.673028866839812,0.601829018628783,0.674237598913801,0.562393851162376,0.412288519343785,0.774084597934726,0.789070325720594,0.61647829790316,0.659606975717525,0.629151711376078,0.65325685950904,0.623419225601484,0.689951620705057,0.857953968074862,0.704764629044396,0.707312791500271,0.749991523036048
"C61",0.643709126142732,0.544069449068206,0.687802652633358,0.609757642111354,0.566230421313893,0.637080091444821,0.653881389215861,0.76758603462498,0.639269235812756,0.615550865556963,0.524672414571483,0.610301035169825,0.603085538974712,0.654527979409503,0.579496819901464,0.646649196301434,0.680451005285971,0.597079476130901,0.525185922208787,0.352157946524917,0,0.50049852899634,0.636564520197103,0.2950980258949,0.654661673893615,0.741947773850288,0.614456703105748,0.58612872772885,0.45448125394169,0.733763456508948,0.524756929040586,0.707566595816429,0.568276565176658,0.715295086630092,0.717673298775077,0.517029481038661,0.576314482413408,0.354235268117241,0.478964543872827,0.637992511971593,0.513241359411597,0.520178912796484,0.765888152885946,0.832315175306387,0.609116822410299,0.545128139813074,0.78592500813608,0.664157558807173,0.731572781875998,0.558820156514182,0.662026412862739,0.628546646005499,0.47814449925245,0.61171893605363,0.639793910238038,0.716532894627749,0.672648281386043,0.555425349443231,0.483258920910909,0.824081190994023,0.836053121296701,0.642275882548224,0.654536916142887,0.600638562714202,0.684455370142751,0.664581197408092,0.565832254473676,0.833552339285637,0.711148569267461,0.752343447602903,0.795372456433162
"C65",0.383229707856969,0.38583796789958,0.478171385765499,0.368280033243955,0.522120858933426,0.370112892601547,0.540218205728337,0.661004198304117,0.58132902142707,0.441697074165546,0.303359358560283,0.534241103379898,0.265440078168386,0.390553934748491,0.427690170509599,0.442045727711487,0.412200138528503,0.400633821481152,0.329853209252853,0.491097645612545,0.50049852899634,0,0.650200195859719,0.446484172986302,0.699603412051476,0.634438358489346,0.448189332190416,0.304626177029122,0.553211487173164,0.478514388425886,0.441492445845318,0.412191666153145,0.323210663138726,0.387973299355623,0.44705075771977,0.542753915323912,0.351293887726744,0.516792380020489,0.52175098537898,0.372193713350177,0.45757885755383,0.370484461837964,0.538456017446554,0.73113281432359,0.508162262617425,0.333381590229446,0.595988229349428,0.516986096359377,0.555797923110527,0.315988042104885,0.577084069099307,0.630028744899958,0.397316356777315,0.495745041364295,0.676854442603325,0.431590911557141,0.556220264639933,0.641668476164167,0.526909597507926,0.673467740833331,0.705371954126745,0.630423786636698,0.65482114294262,0.527777602235538,0.602131574161475,0.69288339448294,0.609838565663255,0.864262721176176,0.658559938811957,0.58061662306878,0.682923186691634
"C68",0.66565854211618,0.604886363702989,0.714453257467724,0.59948765765061,0.605565497669974,0.645985303763706,0.494546600035792,0.54769846012878,0.43207411020989,0.700399561761686,0.658052503378321,0.476616137923536,0.609260800438957,0.599841494120808,0.605176722373032,0.590650920216467,0.674528277881922,0.556547022878122,0.671582690442443,0.674899854927398,0.636564520197103,0.650200195859719,0,0.636667228487874,0.525946432264502,0.72766674303992,0.616179685847056,0.710066126114329,0.743415873699576,0.754430644269276,0.669887620535761,0.693991906322515,0.609156864613624,0.705083321561791,0.772578419046599,0.466700525304424,0.717094103365212,0.590028883909155,0.638962147771425,0.630851191968687,0.640596578611028,0.599496575349922,0.772503863286192,0.858995992973489,0.704274200544322,0.637629434944419,0.828046104263537,0.701773595075467,0.720265578701317,0.612518951751115,0.600607766350934,0.520672039306496,0.604030860123703,0.675602201787811,0.689359421405819,0.67474140014635,0.767085661706055,0.769895563658544,0.647011236802318,0.803171240137866,0.835198314542846,0.347434198367089,0.688394835193045,0.639134208044663,0.524282443046416,0.698768272171389,0.746683410037185,0.70558576219452,0.642013864750208,0.766551231146585,0.807248831452677
"C74",0.613100863084427,0.460061287000236,0.685027713174547,0.553982999439036,0.544417715224433,0.610466179569453,0.528841177325896,0.697241344686676,0.567897285629416,0.627736502831671,0.444647302354609,0.544671425779799,0.541407719483334,0.55422676717254,0.48238732887805,0.56515019912277,0.625682324491539,0.505716892763801,0.547951633838381,0.319624626122826,0.2950980258949,0.446484172986302,0.636667228487874,0,0.611729398390795,0.65426781666012,0.550315003006481,0.503767626571186,0.397953651885065,0.704803920118514,0.457037968177358,0.637420065440874,0.472225463797633,0.652767307035848,0.721010637720614,0.569703202825729,0.548599964544318,0.296523666275786,0.420044099713536,0.596289609943274,0.57079545328345,0.552645249601163,0.650857349290299,0.794355014018828,0.586449208745502,0.474030698478918,0.714296123032997,0.561252049530807,0.670476100973401,0.503386756569542,0.627811699263616,0.512904217290221,0.415373563419381,0.564245683852127,0.679284970531359,0.703017001964143,0.6916070027214,0.555840605517272,0.358909985478929,0.750461561100828,0.763278811820424,0.619869381598829,0.625083275381216,0.519102583557534,0.621045125282812,0.634026393802247,0.623598304358083,0.820646606664728,0.705312658193085,0.769743408894518,0.71863112949996
"C75",0.753285606593541,0.657442371522957,0.787244744627155,0.684846342662031,0.5829206045157,0.746868655886712,0.69770417430414,0.561273622791868,0.577038377787009,0.728135422249938,0.741971985008669,0.611778356657345,0.775419421051681,0.713831549293924,0.679106971796153,0.62486032099319,0.773063116698708,0.636214260237272,0.769275154777393,0.666293874422967,0.654661673893615,0.699603412051476,0.525946432264502,0.611729398390795,0,0.825047165074177,0.743767830419106,0.724941401554646,0.66140666304471,0.79067024859654,0.785937441981932,0.807667213800726,0.711699651156114,0.802035422412667,0.845081039900611,0.489887452719771,0.772142262922659,0.628404001490908,0.78508620807821,0.726315814130306,0.796026785348256,0.702824017121335,0.845499829157435,0.919247248006958,0.78502737272628,0.695723231569593,0.861134014739612,0.801801939772252,0.827629037225079,0.690986431906991,0.57423121802181,0.41222205960399,0.692965255403573,0.745963078235103,0.706903666444933,0.746766763990794,0.831422670741882,0.821870081749284,0.687412895250831,0.864819393486309,0.900633476417125,0.395579512633448,0.433849643560242,0.557913777027842,0.571658890745763,0.621420018975761,0.745796094887594,0.609433798537679,0.553472809718163,0.831633369735106,0.856642223805133
"C77",0.621599868315649,0.637334766824366,0.662452329454118,0.645726195679532,0.764112115616048,0.601417493550083,0.543467840731354,0.705347867198325,0.686341859307236,0.690269940040645,0.62461417914995,0.646462029574027,0.551473848161007,0.637808677617038,0.632989418398389,0.718015303386573,0.609321962185826,0.65243252221669,0.62769451592007,0.701348495574786,0.741947773850288,0.634438358489346,0.72766674303992,0.65426781666012,0.825047165074177,0,0.661114010401215,0.642827010693399,0.710511554630238,0.643168093849957,0.572864176866098,0.601170135979426,0.56766534375674,0.622411731816024,0.602289050911707,0.772345654698812,0.641395796879633,0.657877535264219,0.607373707133217,0.51539155649422,0.581682039174875,0.695267065962988,0.568354458639251,0.593888968572903,0.629406085985631,0.583799107671014,0.498456094287308,0.570601719775495,0.488042981065931,0.579812390099027,0.711101905333688,0.774143219061944,0.597888390912169,0.676798499410209,0.835525977209164,0.718712713573775,0.640969844901395,0.732745298817023,0.704747617402309,0.592100574118975,0.583629932868498,0.800135367907808,0.816515881732685,0.667855464451405,0.693166863561658,0.84612992234612,0.829902478963683,0.912223238631034,0.821112443542996,0.689056168400182,0.536859702079141
"C82",0.472290512720533,0.360226945302991,0.627848814946927,0.577630029852883,0.419063948298049,0.461587527481649,0.489058085004573,0.627041522621206,0.586622159077167,0.444110737832327,0.406835658957509,0.492026267770963,0.409467746847279,0.24948810717992,0.24028988420592,0.366407160674106,0.539711887366979,0.302358126774858,0.389118238837134,0.580046169439621,0.614456703105748,0.448189332190416,0.616179685847056,0.550315003006481,0.743767830419106,0.661114010401215,0,0.536796367903695,0.667957469098648,0.603123351209834,0.399007620815618,0.527541648126561,0.34748624555682,0.561755512852422,0.594579026890428,0.616233679050242,0.468057116515675,0.566231262162063,0.551666684283245,0.522477697356059,0.481184325722961,0.4845988382199,0.646550550370185,0.771243314880209,0.481341256404295,0.440246477176047,0.707432579524018,0.49693826767107,0.632527824514172,0.4266625594508,0.659154208823899,0.593383511821301,0.420770182079577,0.484143416491747,0.647840321852865,0.559826063096293,0.411606014125775,0.6212168032318,0.430515210596272,0.692605029387817,0.771031885290637,0.643731395246895,0.738687497414931,0.700929049719968,0.590197512683676,0.781641912996773,0.53574976788568,0.880761098798891,0.672350950135616,0.714675324432061,0.690117438020912
"C86",0.372317861445254,0.359389727185413,0.35876573795071,0.381964047059819,0.499206074019159,0.365522278252156,0.527868705453678,0.630066456362263,0.543312551456024,0.462498110343199,0.452867792888852,0.565179415239097,0.331212610270205,0.450473472374687,0.499057693427921,0.499264599716911,0.470762698361112,0.434238621352309,0.399309707647912,0.524059868925326,0.58612872772885,0.304626177029122,0.710066126114329,0.503767626571186,0.724941401554646,0.642827010693399,0.536796367903695,0,0.618944227830203,0.39815003425644,0.436377953212665,0.357052818376176,0.447453492138435,0.322894943663347,0.36466318812461,0.657534265236293,0.414734760664594,0.569735887227213,0.543491426853157,0.390340089540512,0.570932966489827,0.3783298528988,0.501096196276913,0.660604228039592,0.511230566623258,0.387692476884016,0.52821376425731,0.40401971526606,0.506458484615638,0.351188367330705,0.686735165988029,0.685346348357661,0.486410589343357,0.50401762240811,0.679794997496477,0.415993845081303,0.569901308475248,0.608616015356961,0.634947740760322,0.61095373073182,0.616458073729477,0.705324347242332,0.725188677212572,0.580468817807984,0.59289523116533,0.7604528178124,0.667309965722682,0.856398852700414,0.763945172187763,0.560196783347571,0.58013218133184
"C87",0.680526395693624,0.534093550462428,0.790997983047364,0.661021603101039,0.544300797872822,0.55871490477803,0.649270173007904,0.745289476889819,0.708185070842299,0.652505025175115,0.591357312118474,0.675808093318645,0.55050387609656,0.673891152070363,0.589549694997528,0.644882084886672,0.70661477346447,0.645197787007238,0.609029548712826,0.419681056511421,0.45448125394169,0.553211487173164,0.743415873699576,0.397953651885065,0.66140666304471,0.710511554630238,0.667957469098648,0.618944227830203,0,0.731824189822974,0.576633934689103,0.751825912409461,0.456441709642185,0.691683465150516,0.747581234305225,0.688421695144688,0.634361790167927,0.253944145644509,0.474802126992607,0.706342458749654,0.533999597119171,0.658606275088595,0.737018096641321,0.864148910277519,0.703089166177192,0.598592531758682,0.816977957743543,0.645269908766767,0.750743973687786,0.573144375613169,0.532561900674423,0.626307528931261,0.480213434842603,0.586556977113439,0.522243918096762,0.733810251324494,0.72505566518921,0.71205378066139,0.434265906247443,0.834875022650923,0.840671212344004,0.69592872245468,0.582464409966382,0.521005274791486,0.738945967533423,0.604030537170483,0.57273898567589,0.810667654867436,0.631984623358063,0.828243305803593,0.82671338946801
"C88",0.315636047829958,0.56990170629647,0.270655932076017,0.406548723576215,0.735438208330707,0.447375011290164,0.611078279661371,0.694355868518786,0.705828718813417,0.431662702713152,0.516276996543104,0.692247769340764,0.491865418217976,0.574004650963927,0.650122098318898,0.553757618481658,0.398044353154488,0.601696579507692,0.52773036247763,0.585709561207194,0.733763456508948,0.478514388425886,0.754430644269276,0.704803920118514,0.79067024859654,0.643168093849957,0.603123351209834,0.39815003425644,0.731824189822974,0,0.536526472659835,0.19967091401291,0.56568334738765,0.240459124366241,0.281448221006005,0.728950781538001,0.504415253496074,0.748209823623151,0.54051217974729,0.401324958327733,0.501127902272552,0.500656354901251,0.357746034709906,0.59716504343731,0.452387725747792,0.474714852079106,0.429221834904045,0.391929531400877,0.43496323158325,0.552568311065077,0.71428401317122,0.768205596553326,0.599331960023067,0.510217815046234,0.788501332125137,0.364646912008375,0.543531737584566,0.626419690776903,0.710322099875085,0.546038156301327,0.61974512755329,0.759381509862033,0.746866687975463,0.638346399184209,0.689448408496394,0.831601187256188,0.816178046999011,0.914722184190243,0.776140651775098,0.417068614582242,0.5001256866402
"C89",0.49583162470905,0.330854774322068,0.547798259665927,0.498826531033934,0.591160611343383,0.446758430914742,0.417669385042543,0.650207183989932,0.529800715041049,0.452603092198171,0.32105728613743,0.504597414272748,0.370157488347673,0.44507505850255,0.418658698933315,0.525188889891999,0.465294849068664,0.499151518276227,0.365782718163745,0.430708700058398,0.524756929040586,0.441492445845318,0.669887620535761,0.457037968177358,0.785937441981932,0.572864176866098,0.399007620815618,0.436377953212665,0.576633934689103,0.536526472659835,0,0.389443626834956,0.293220088883414,0.458733620917764,0.492007673878611,0.633543513256895,0.409979483934579,0.478958580564832,0.357563049313348,0.47550574076798,0.270906958772116,0.419003281429448,0.518505842183921,0.675154477661035,0.355973330918521,0.404202918335417,0.639211352352731,0.31157548026156,0.471947473316545,0.381578215939866,0.692676362571442,0.709574260822972,0.260181935037361,0.337316947910835,0.658169463391436,0.544719458800607,0.440667341997909,0.514454344117917,0.497238828566668,0.66378372643661,0.679841731462536,0.684200114750477,0.789743096167741,0.601738425330198,0.565857095791667,0.752884520479425,0.645075790937061,0.873111292666213,0.743625721885837,0.678561490790854,0.601238203070356
