"","C1","C2","C3","C4","C6","C7","C8","C10","C29","C30","C38","C39","C42","C43","C46","C48","C51","C52","C55","C59","C61","C65","C68","C74","C75","C77","C82","C86","C87","C88","C89","C90","C91","C92","C95","C99","C103","C105","C106","C107","C108","C111","C113","C114","C116","C117","C118","C119","C120","C121","C123","C125","C128","C129","C137","C141","C142","C143","C144","C151","C152","C154","C156","C157","C159","C174","C177","C178","C200","C201","C416"
"C1",0,0.437482922417374,0.475468628392546,0.683973252263345,0.61934756705761,0.515518990885391,0.387805433614929,0.686531690198457,0.614749282447832,0.448867605819335,0.523312579286552,0.445641192717912,0.429260342198297,0.525647626213408,0.534044970973555,0.542840616946099,0.573872140977145,0.546546691811481,0.503913339372042,0.669383063386405,0.717531935857295,0.4381440933547,0.716361839996972,0.427275942384933,0.717454923204798,0.540477589260736,0.534528548214378,0.504184637904789,0.592051355907108,0.398603500035213,0.413324364841068,0.327837390866873,0.521634694000908,0.478348674644221,0.408037087318342,0.611752444384069,0.596545203772518,0.524963529805945,0.493591976285633,0.381920072808083,0.644187799899565,0.5408116571869,0.601658435183911,0.449719450444583,0.441360952653173,0.367520455128773,0.370914288884655,0.335417022501537,0.345952973409575,0.530786253239664,0.513722340153294,0.68487283938606,0.438360643261978,0.344371074970848,0.789986056846994,0.564623850620424,0.494434923549397,0.663036289722753,0.705475623704103,0.542647827722142,0.384372567193895,0.738324587952404,0.571375128017555,0.443554230551436,0.614811753071772,0.819064823303426,0.676328908328376,0.787089667918238,0.691702890927687,0.745503529351803,0.469633522909521
"C2",0.437482922417374,0,0.358798038342984,0.401706167017758,0.39287381374305,0.33930625876503,0.361276556893215,0.590607983946411,0.692404862736218,0.47734006418329,0.612155851802813,0.607344691304603,0.474298858086304,0.61372428618804,0.576393766168547,0.585904093277843,0.599578257607506,0.543413660437379,0.536722943103087,0.721205610486639,0.652075982846878,0.513226413945336,0.644735748063972,0.441744825349336,0.716004506367444,0.552014943904357,0.471655957424654,0.608458259602257,0.473390038986067,0.602108692218344,0.431470832483292,0.579786211885036,0.510995330474347,0.585640344445374,0.534405345596678,0.528652531869212,0.434117791463023,0.32315821990863,0.515824124497628,0.35391953755891,0.639643900656544,0.509598615977687,0.49263267891269,0.578862424158121,0.548854863606008,0.35786352295416,0.495956981439283,0.49497989459024,0.396996689355461,0.417814907658007,0.4466999513486,0.605449198704937,0.381181483182778,0.509609634727972,0.585905779630126,0.63089017610655,0.646522838295913,0.712534568923977,0.615989410909853,0.639451694711109,0.520327676817257,0.702549382762045,0.449223408641813,0.163462180818911,0.6695640644354,0.71262382792434,0.498849347692574,0.736551967574908,0.697543041892469,0.760554604903499,0.583755230508892
"C3",0.475468628392546,0.358798038342984,0,0.4488297074089,0.594577565292033,0.567789863375893,0.561199446774499,0.68283887867763,0.768265472878265,0.52576259698849,0.721033044672424,0.654554583388001,0.574379090978702,0.714377731939458,0.641268432781069,0.682660044662672,0.737262482859411,0.600786979699074,0.617487184266397,0.761344669399429,0.686428728630005,0.667245860253522,0.670166596631369,0.586426439958951,0.735900327716173,0.67161108948661,0.628226738720374,0.560093703035184,0.612267761059498,0.497341721834877,0.58941152489568,0.589734398797208,0.583357617131596,0.551167451603458,0.591612691156529,0.500358250626813,0.552974016820481,0.440158459717676,0.595414200913053,0.399296596497671,0.708625123301881,0.489545455009048,0.591790386394647,0.552493482086062,0.472603215222033,0.346262058818146,0.412509296842927,0.464302207455672,0.486009420918445,0.59726789884509,0.457846040782143,0.617933228954066,0.431879012024777,0.592406780951618,0.648100278280732,0.546006944651701,0.71385079071945,0.771328749589296,0.686994466745188,0.608681424674379,0.455142365421415,0.728248278937394,0.610371999075898,0.408409206948717,0.750096184976654,0.745145428257937,0.612439777613855,0.720067656949215,0.738032476771049,0.732414082887122,0.560505861412454
"C4",0.683973252263345,0.401706167017758,0.4488297074089,0,0.602453951727936,0.580340710470222,0.59740627328823,0.616059656138474,0.760252310926674,0.622173202239765,0.763963050431778,0.751436145609574,0.644090159616459,0.715877306170831,0.742887897045688,0.71913057474101,0.765125647926781,0.709353742033533,0.673779344667867,0.715519815167858,0.680183455396247,0.717861001738142,0.652717885425416,0.677669986752134,0.746224337846756,0.657767179952549,0.70253001250578,0.765547503711476,0.482924913132003,0.72496921372247,0.631823391818571,0.736036322998263,0.643193418115604,0.63795557412016,0.71898166452875,0.638067585095447,0.425848686961349,0.504037530433274,0.479464302359931,0.510140521611086,0.621955501171426,0.497089257044203,0.466819893388222,0.714925769868155,0.701909664136735,0.508165214931401,0.684462682931116,0.565623117371887,0.630608379515555,0.473032321965833,0.53380645782526,0.58880980347817,0.493835693730808,0.73260461892475,0.4683298493679,0.731302785021969,0.792169492106635,0.810042175848616,0.612902072060578,0.788007578004611,0.701399437692431,0.700550862206206,0.64728582428362,0.441205821846314,0.721991645932644,0.664721210474707,0.649896986849151,0.670206756505649,0.67688745364098,0.75397276563699,0.641603712431583
"C6",0.61934756705761,0.39287381374305,0.594577565292033,0.602453951727936,0,0.486765060726357,0.614588178549661,0.593922101048654,0.667095887865252,0.611649194232723,0.584130850370857,0.531322418916706,0.59251696494718,0.600202859401122,0.477341356506924,0.572121987873738,0.555356051141896,0.446231398753419,0.608135024133608,0.71708404301954,0.577899526457386,0.468968592640162,0.583501245160538,0.507242466529035,0.671421699394387,0.58686982845608,0.432282280319176,0.668068963152247,0.626541268734135,0.674337762420925,0.568743555986246,0.657666155720997,0.574758949609551,0.677560456308791,0.625728146152914,0.491664247403755,0.564883870917497,0.468213854778415,0.744544137177938,0.561243050567357,0.740934836659533,0.641107992218616,0.666250651011993,0.710276519426029,0.629690412496719,0.640044154022819,0.635751334916466,0.663765365197301,0.542971120702419,0.571718731995663,0.612954364252555,0.622180618299182,0.61522208702344,0.623204288790805,0.623199418221523,0.672063649291415,0.675847649206569,0.69923803137702,0.567023595588977,0.642506634923017,0.629385858421496,0.644552449617239,0.358357327859746,0.373362992459246,0.619469467780682,0.559479855595713,0.293314279957606,0.686802461525689,0.715104288807545,0.799529963915312,0.708235962856032
"C7",0.515518990885391,0.33930625876503,0.567789863375893,0.580340710470222,0.486765060726357,0,0.435279337185702,0.536464218824264,0.624462506626681,0.383973012918325,0.526005764161118,0.521135041644426,0.403632120560243,0.595359705599413,0.545755293108832,0.587230889857307,0.560888032595811,0.541647200110802,0.386098270937762,0.676893857102561,0.639312705208724,0.445529579244531,0.610844696355087,0.502428415124433,0.742784550957565,0.615946748470814,0.372233062253834,0.60588809632224,0.477044506366681,0.58001607074367,0.420981402148356,0.491974661728247,0.373277611634669,0.531031087910673,0.530740538949593,0.562022683943164,0.457713398334644,0.33726985712243,0.567153146101222,0.414597952292877,0.499278625347316,0.517051396330713,0.406937926753857,0.528215678256558,0.561300035788309,0.49587683387665,0.542895487566905,0.531455584991762,0.410358450973614,0.422784431612868,0.466648556926746,0.702849974406734,0.438205660971988,0.54677360456756,0.516549007601447,0.640265754821021,0.585259017836822,0.715206750105236,0.584866106867231,0.582926123743419,0.53519402720736,0.655147229486762,0.357705514522895,0.324317769218096,0.55462224951951,0.702802016119934,0.542393406054157,0.802008346114692,0.734231521495016,0.771778200431088,0.605142631761775
"C8",0.387805433614929,0.361276556893215,0.561199446774499,0.59740627328823,0.614588178549661,0.435279337185702,0,0.673561086564827,0.455669854768657,0.46414556924681,0.339981692958726,0.550692002302119,0.430769884319038,0.556947349575393,0.580368317927833,0.348072099448929,0.483276159430989,0.578949902442037,0.516366291536782,0.566471356553114,0.726831810561909,0.442340834567489,0.706010987433621,0.455038999352424,0.742311065225735,0.579062436698496,0.522781742727778,0.42769697030346,0.549960899234326,0.534800918021983,0.400467542654565,0.494693286247895,0.517601552691557,0.556373773269029,0.325114858921751,0.634660827674145,0.547465018363008,0.500938196615255,0.459541295318139,0.397241544846782,0.549675642348649,0.592307228176295,0.57391190263701,0.576769885208694,0.557367852441235,0.365543488343617,0.506859138999814,0.446523647740874,0.392832128094415,0.526027258833725,0.524367957479877,0.727729640524711,0.34966778076179,0.464828723924382,0.730166919156714,0.453550283563018,0.614915882578434,0.704014572911098,0.696897814454117,0.620611500974968,0.495399516481632,0.743090746679457,0.573529764611633,0.402629434913572,0.621034213368823,0.801042320837973,0.666529822866163,0.822566875655429,0.586792001336148,0.723080040366444,0.561557617624164
"C10",0.686531690198457,0.590607983946411,0.68283887867763,0.616059656138474,0.593922101048654,0.536464218824264,0.673561086564827,0,0.568064878470469,0.679133886852516,0.665695759654219,0.578663172591339,0.63201657059004,0.469603030540378,0.59008001416582,0.644048864224433,0.650476690303568,0.540509579453147,0.657966209477045,0.601502440449966,0.632773758898463,0.593072903902753,0.524502152898763,0.631133810459635,0.698463615039275,0.498884437404626,0.567121376096374,0.711259932227249,0.566988589174313,0.697463727016428,0.654112538263504,0.704644034789721,0.672332174883008,0.584281088108954,0.703132088400034,0.510323492346118,0.580764380642397,0.598837491577921,0.639196854720184,0.65734131977537,0.646228136876545,0.601688698338875,0.545000097029408,0.665244634516236,0.710549937081611,0.667405929086977,0.63403239550067,0.581429286136701,0.629242218671467,0.545777688240178,0.699118220322465,0.531596115552419,0.62094314271055,0.642174832289456,0.697058302044511,0.723398617407432,0.65021212957227,0.745092521459725,0.273072837053302,0.673122699078149,0.653832959377766,0.55019038861671,0.53267724055091,0.570231016761606,0.384154995935871,0.602038839294196,0.705402163747262,0.642828938890292,0.696645837186534,0.681714803874891,0.606290528827262
"C29",0.614749282447832,0.692404862736218,0.768265472878265,0.760252310926674,0.667095887865252,0.624462506626681,0.455669854768657,0.568064878470469,0,0.675754626541669,0.334086996518084,0.436189312997409,0.462761975722411,0.3298809575332,0.456223663932229,0.381131996562918,0.404283286263492,0.531921661389941,0.53578244110473,0.406610935193343,0.645507693502294,0.476142311275471,0.531931361215568,0.594735172730661,0.566462649504564,0.468228368821206,0.554329251318907,0.498093704295479,0.650472381600691,0.560762225777013,0.567454427972505,0.570387220289674,0.622644644175535,0.55679344066519,0.385495808424598,0.596771428550246,0.663619885149494,0.657604208167948,0.593948130042496,0.678993659445334,0.549498817754022,0.655276145536877,0.620948901317729,0.694175104303436,0.650713025603021,0.642491396812731,0.621449452525263,0.535615931761415,0.548074241238274,0.567181369262501,0.696576442549228,0.733436763303592,0.588524229339911,0.539037587566636,0.762551306629776,0.562251303930323,0.639996407527466,0.748191826136305,0.590605848601436,0.622834222262863,0.561245078338651,0.67146347140365,0.651063348425093,0.653844201912578,0.418108806673129,0.736683093093782,0.740142792746489,0.806810717320498,0.52426881156462,0.698446814204786,0.645800064809484
"C30",0.448867605819335,0.47734006418329,0.52576259698849,0.622173202239765,0.611649194232723,0.383973012918325,0.46414556924681,0.679133886852516,0.675754626541669,0,0.537761655233093,0.550713742893014,0.553141986549324,0.641613602393251,0.491643396318857,0.565514999803231,0.617658541968518,0.512854510277283,0.531441686146914,0.666657840059221,0.655648524891432,0.461903937428699,0.645613195531501,0.486582348073865,0.584128570087579,0.599600393498145,0.489674484489005,0.431311819854058,0.578321317697373,0.397504636861039,0.338034926059245,0.357920424343726,0.386964413827637,0.467205801537334,0.461275508839345,0.626854713612855,0.477457239025892,0.615040363886404,0.528932581029639,0.193213741692912,0.577729342350266,0.44711600561485,0.604478657895092,0.475118316343301,0.463709186380933,0.388791675666844,0.397982300565098,0.458527962120979,0.33234484628121,0.495380727775653,0.500435149684161,0.769192765873074,0.398479962394778,0.55108028921523,0.676426344999355,0.474324615669141,0.625602976690874,0.762360887764334,0.689901222023889,0.480874790033074,0.497091526484722,0.662210422619055,0.48317941823272,0.431247739675268,0.606383920182195,0.758429096648841,0.630860163687241,0.852434536817574,0.722883791349161,0.790543759234865,0.494219940001446
"C38",0.523312579286552,0.612155851802813,0.721033044672424,0.763963050431778,0.584130850370857,0.526005764161118,0.339981692958726,0.665695759654219,0.334086996518084,0.537761655233093,0,0.358078665104717,0.465630888259345,0.455406225428499,0.496117165157835,0.312806917537625,0.318330698678017,0.545353836622963,0.428244139808221,0.551909020913634,0.633680434982696,0.330789109758962,0.634562478917794,0.408109897477354,0.688822778124257,0.589143524094248,0.430560596941611,0.485814590876579,0.710498788930474,0.530170127232344,0.436926928965761,0.39766810948425,0.554357518787612,0.571437000256695,0.307681687961009,0.591503093332095,0.624459695359622,0.666168681095554,0.595679768466557,0.560724386863996,0.569142255382534,0.624219779796438,0.660709908223285,0.599404206534358,0.597189538149919,0.582436160621788,0.571141727064882,0.585865696188379,0.445277673699589,0.586353217610529,0.650029314866398,0.772149543305962,0.541939829101553,0.488279348835302,0.778441856165482,0.489442059024421,0.515778655644001,0.612423180973678,0.620047394328047,0.577770225287304,0.5459352015889,0.704486287274672,0.536580786730903,0.60388682500694,0.504529881771385,0.755889382609229,0.617580581047881,0.856957079398154,0.592296094808379,0.710397457683455,0.654691916842206
"C39",0.445641192717912,0.607344691304603,0.654554583388001,0.751436145609574,0.531322418916706,0.521135041644426,0.550692002302119,0.578663172591339,0.436189312997409,0.550713742893014,0.358078665104717,0,0.305386888795419,0.334320414737724,0.275840065801866,0.474029333198178,0.411102618867783,0.328592229152132,0.313296986441304,0.620596475275458,0.606111657038633,0.375131265699279,0.596880451840736,0.481104983165757,0.650840739216167,0.511417581786146,0.456827015952997,0.546958709230125,0.637852075386716,0.41491094857702,0.409688329314493,0.419770515504066,0.469897568908468,0.48524404601333,0.444750920782036,0.409107470994419,0.618594275198314,0.542191075822492,0.560656234759712,0.580508881765144,0.536571854099537,0.585267540362959,0.61927128583415,0.58969721641758,0.503466835162549,0.507723980770381,0.484982223129074,0.522339258454977,0.40874668968258,0.518688428573026,0.56864780666236,0.740878008867306,0.451828108027311,0.442971290183081,0.734350594169909,0.590449501234621,0.478966490707633,0.640526692645646,0.58502816646489,0.487112099372563,0.400961478454452,0.651860124046991,0.491685380811263,0.58388967953468,0.361485618472814,0.725922482289657,0.613633995092087,0.815151960223557,0.676676469004439,0.718979680695736,0.646908411704434
"C42",0.429260342198297,0.474298858086304,0.574379090978702,0.644090159616459,0.59251696494718,0.403632120560243,0.430769884319038,0.63201657059004,0.462761975722411,0.553141986549324,0.465630888259345,0.305386888795419,0,0.376377851638309,0.365574779018697,0.467212157253828,0.454605858973966,0.444755386146248,0.180080297044422,0.645477440982616,0.697058712125747,0.397165232310095,0.61306766868499,0.46864513362705,0.661122383716276,0.505277715240751,0.517458338919072,0.530113432120144,0.478355298076751,0.366862135045429,0.387821067017824,0.445196034781794,0.331531272060562,0.500098267965751,0.412552349137686,0.477643746714258,0.573329221225379,0.324902010559165,0.432481008037948,0.516546545140186,0.449746920318713,0.565127848701328,0.451895110454612,0.556209218279967,0.490002864129856,0.396505314893469,0.422404697372633,0.45267413698279,0.374038526990135,0.47361132459173,0.356280381623408,0.729786613483379,0.344283980104663,0.345129929242554,0.627650521223542,0.593806080566834,0.576962551981262,0.697208889909195,0.633070393311878,0.513400549032416,0.361101667372194,0.724008479434256,0.60255456539882,0.473238571155604,0.49540464214496,0.778244244379932,0.636665064303616,0.80279109586343,0.712179900358488,0.730564345960231,0.594902809037853
"C43",0.525647626213408,0.61372428618804,0.714377731939458,0.715877306170831,0.600202859401122,0.595359705599413,0.556947349575393,0.469603030540378,0.3298809575332,0.641613602393251,0.455406225428499,0.334320414737724,0.376377851638309,0,0.407694258375779,0.459272601908242,0.478351405174909,0.480546449389813,0.465655647074925,0.521104332294345,0.559375362949858,0.40856157233672,0.488403517890861,0.460632542872308,0.557622249026643,0.318077697923259,0.51007310367522,0.634177079709556,0.595194379399041,0.514381129807882,0.495907390666941,0.493320226412529,0.600742650984786,0.469447109342565,0.538651518618427,0.539000462767583,0.613567153510303,0.620703641265305,0.492269626982125,0.618267287419441,0.548954387713225,0.590062738255687,0.597487107361558,0.648850066901255,0.616473067109474,0.584578903530142,0.5640341462724,0.451846333914679,0.467557522049342,0.489275446292382,0.653429046115336,0.63266646191033,0.520927779399728,0.470830135222605,0.743270848183054,0.681698241176102,0.550857817598092,0.71399777709066,0.48036036631032,0.613362344244602,0.514638231654895,0.571107120230832,0.593211464655599,0.59697411161409,0.276204036615044,0.700703306188495,0.687936320744378,0.736293263504545,0.628365078457161,0.670651025087255,0.586023493866645
"C46",0.534044970973555,0.576393766168547,0.641268432781069,0.742887897045688,0.477341356506924,0.545755293108832,0.580368317927833,0.59008001416582,0.456223663932229,0.491643396318857,0.496117165157835,0.275840065801866,0.365574779018697,0.407694258375779,0,0.502017228682848,0.481462121072517,0.201858869063534,0.429084801460268,0.590070053851078,0.580041529609986,0.308978375309665,0.462067092219804,0.38893028659081,0.435709788522639,0.368039227529337,0.394741728065619,0.451566853457957,0.547547716979702,0.433229474756574,0.532968369892505,0.535242462034283,0.364172013466033,0.59963809757485,0.507096254560565,0.416740151069133,0.594853244922843,0.511368605008795,0.654359999141597,0.502736273418271,0.636831617919758,0.605393491710757,0.595651007911833,0.665393627552125,0.426295792472244,0.518175632767855,0.415628692654027,0.546045321498541,0.485219720077948,0.474484913201906,0.493560027896822,0.718964108656296,0.484041299868901,0.49049290554486,0.694516786547104,0.50327650985883,0.621250137904138,0.723303377451131,0.581662878540374,0.40542322991648,0.497962448985811,0.580885248733801,0.472688822242294,0.536235313181,0.48558739780776,0.723795271613305,0.591247963293528,0.790437904588953,0.678317719069283,0.76065180412188,0.558771256522279
"C48",0.542840616946099,0.585904093277843,0.682660044662672,0.71913057474101,0.572121987873738,0.587230889857307,0.348072099448929,0.644048864224433,0.381131996562918,0.565514999803231,0.312806917537625,0.474029333198178,0.467212157253828,0.459272601908242,0.502017228682848,0,0.358963292674236,0.497206664646774,0.543626871080422,0.419371521714297,0.72667760794625,0.425874354337737,0.648869630097041,0.503943433680128,0.681154152299004,0.588665919713679,0.565727189695346,0.460227404787735,0.658754192362131,0.509649998048326,0.477839921998099,0.585270194654233,0.57197016503492,0.615313821452593,0.388761161667848,0.519742803722759,0.668136189847559,0.61754360520308,0.568759537131155,0.527269325243035,0.573995663176213,0.640231255815913,0.662927386842771,0.651053594556134,0.622152069834939,0.542463691165175,0.57268070718565,0.568019017088527,0.48366572666735,0.653609483757033,0.584066573791252,0.736896452053563,0.47142186967607,0.523407950671571,0.760336160500776,0.465168383864728,0.588201173655741,0.644494906577947,0.636908344473878,0.620553054823556,0.570881262806323,0.662896164055832,0.562839801880989,0.565777419981935,0.547374782578772,0.75822827915433,0.572738465444254,0.797563537615653,0.536443709379383,0.687715636488677,0.667739742763074
"C51",0.573872140977145,0.599578257607506,0.737262482859411,0.765125647926781,0.555356051141896,0.560888032595811,0.483276159430989,0.650476690303568,0.404283286263492,0.617658541968518,0.318330698678017,0.411102618867783,0.454605858973966,0.478351405174909,0.481462121072517,0.358963292674236,0,0.556024920165774,0.416366375768597,0.499278962792974,0.697804667641012,0.4271392627591,0.655142639371993,0.52784424226709,0.709443974802032,0.619965751943011,0.503018452519421,0.543441837668273,0.707401481846224,0.526312240900509,0.46485306858642,0.530395827605035,0.61501039908693,0.511576967104741,0.316686701910343,0.604743301564045,0.680369055459779,0.651401053891418,0.606930867139213,0.612740174398705,0.586952025514496,0.654952281393072,0.717722295557439,0.596722600414071,0.660378928870821,0.652899455659547,0.638545541718932,0.634682316426918,0.432842249551815,0.60488576487186,0.693276493894944,0.796098529987963,0.602227066304766,0.454930150195765,0.777202613326394,0.604325144475968,0.467965494018977,0.56436755463818,0.658818589845036,0.643627856715207,0.533983806373823,0.73154935136137,0.567824262078908,0.588377970130083,0.481990202711146,0.780585479760699,0.611667702654871,0.84212673918086,0.578839509285437,0.68638627011169,0.732340459925586
"C52",0.546546691811481,0.543413660437379,0.600786979699074,0.709353742033533,0.446231398753419,0.541647200110802,0.578949902442037,0.540509579453147,0.531921661389941,0.512854510277283,0.545353836622963,0.328592229152132,0.444755386146248,0.480546449389813,0.201858869063534,0.497206664646774,0.556024920165774,0,0.484532424162934,0.573079927253003,0.62722690229923,0.387466367831573,0.509812571271191,0.404460873141205,0.504148257579171,0.399772863981635,0.476968382950709,0.471838512059187,0.469503734755548,0.537775668617683,0.548802763404566,0.595143424367031,0.349333032730402,0.609614015379525,0.5901565255576,0.322268270937195,0.596517644472371,0.431648164435828,0.659964372181343,0.477063801147432,0.63237633025128,0.622607785313907,0.58236978447175,0.660785490769857,0.388520927263607,0.493257538565476,0.372113952922731,0.536264826679883,0.499713799492781,0.554495689777707,0.436789365686267,0.683289019043285,0.456614133656413,0.559404292168468,0.682306300835435,0.473616835002835,0.655111286757698,0.732885055759995,0.544671660208224,0.390061055862532,0.502227139613755,0.604549008010322,0.410378230034829,0.495623078807287,0.494020196812613,0.692136546346175,0.566507323783012,0.784070073041883,0.657680411270895,0.756789869240068,0.532189324402933
"C55",0.503913339372042,0.536722943103087,0.617487184266397,0.673779344667867,0.608135024133608,0.386098270937762,0.516366291536782,0.657966209477045,0.53578244110473,0.531441686146914,0.428244139808221,0.313296986441304,0.180080297044422,0.465655647074925,0.429084801460268,0.543626871080422,0.416366375768597,0.484532424162934,0,0.671744260917842,0.631873356082798,0.426425902250938,0.633084653396199,0.489032014399846,0.70671495406185,0.568391252663808,0.494938761904428,0.538663688566594,0.550521352428087,0.384469275164579,0.344854745394644,0.38032299526381,0.304672905179076,0.455688547014668,0.407694991113883,0.516639608998502,0.537283987337615,0.397217631448093,0.464493809770119,0.557113208465689,0.415069358907687,0.539275702854143,0.485774919355252,0.50492276701336,0.496279200995966,0.475646109978773,0.452363623948018,0.548299753739163,0.355586344450231,0.438881829086254,0.423574563609284,0.780595187725597,0.409865860154428,0.419541324593422,0.610974214556036,0.58822115479457,0.512653513238455,0.670144337950389,0.641553621621293,0.472435200632058,0.420067345664081,0.713484497209005,0.592905735762774,0.531432148494982,0.472293274876374,0.759685601907954,0.626732212470229,0.849207427670618,0.741305725854803,0.738376900301635,0.635545147027686
"C59",0.669383063386405,0.721205610486639,0.761344669399429,0.715519815167858,0.71708404301954,0.676893857102561,0.566471356553114,0.601502440449966,0.406610935193343,0.666657840059221,0.551909020913634,0.620596475275458,0.645477440982616,0.521104332294345,0.590070053851078,0.419371521714297,0.499278962792974,0.573079927253003,0.671744260917842,0,0.67835360480803,0.537305612779532,0.596160102334602,0.633222816924112,0.572578461070806,0.554500448301576,0.667378913624571,0.586745772665969,0.6395104433438,0.632834208082369,0.657110615989555,0.694472623543649,0.646297178852721,0.646709962948084,0.614670530717204,0.666309491488369,0.698604384048937,0.698936506622305,0.624934266716071,0.653021379954546,0.61655614956038,0.671712256453025,0.67031251185848,0.75124504058488,0.673520245482284,0.62972834565085,0.667403920763579,0.565666457791714,0.651486810732902,0.665526130958384,0.67434047132645,0.69181888065222,0.603842119857276,0.707924170971111,0.726107814124748,0.601649635662669,0.730758277238129,0.78870622540488,0.594817950168221,0.678255852059612,0.683022689615786,0.556616906277001,0.677778987311489,0.68300164506381,0.531710624812912,0.66490283267084,0.722366544789016,0.757750615262082,0.297777664271617,0.69283463661414,0.655481672001843
"C61",0.717531935857295,0.652075982846878,0.686428728630005,0.680183455396247,0.577899526457386,0.639312705208724,0.726831810561909,0.632773758898463,0.645507693502294,0.655648524891432,0.633680434982696,0.606111657038633,0.697058712125747,0.559375362949858,0.580041529609986,0.72667760794625,0.697804667641012,0.62722690229923,0.631873356082798,0.67835360480803,0,0.576248304075372,0.37881295805324,0.572339389884517,0.474991428413398,0.517115338547589,0.497663892336158,0.743577255237565,0.667446676675263,0.66660220087343,0.694842999036213,0.636594552529809,0.649981194006238,0.70287756755878,0.709561158853725,0.603909063352656,0.563602073393358,0.637159025306053,0.733202770411272,0.663686232607436,0.697319691848106,0.590430799467291,0.66214562302808,0.776397585858009,0.692716731763764,0.705427554636472,0.73761588320187,0.693393652530464,0.705921445061602,0.506861627010211,0.704855998068805,0.551616645307348,0.688412835699709,0.719747022737987,0.590208997149863,0.715095375380832,0.755702961207873,0.824047253201045,0.618633708329461,0.712455719026864,0.748144878243293,0.455154864417845,0.541076171906975,0.659807388625661,0.636089577500045,0.567218719390069,0.631966390678098,0.740710344357933,0.696187125519032,0.747652925832003,0.723927831124136
"C65",0.4381440933547,0.513226413945336,0.667245860253522,0.717861001738142,0.468968592640162,0.445529579244531,0.442340834567489,0.593072903902753,0.476142311275471,0.461903937428699,0.330789109758962,0.375131265699279,0.397165232310095,0.40856157233672,0.308978375309665,0.425874354337737,0.4271392627591,0.387466367831573,0.426425902250938,0.537305612779532,0.576248304075372,0,0.463875496585842,0.246840098093516,0.548990924427601,0.44429548043204,0.239240150528927,0.600355662332696,0.599603363354216,0.455429850082986,0.44245799987416,0.41457368876797,0.452657079446178,0.594284621668276,0.475975098323535,0.519058422409446,0.56560715555722,0.557171474293814,0.607027011536361,0.449271210569605,0.616324877866069,0.605224921342081,0.605913081618997,0.575357497939817,0.495537269369139,0.48412460962707,0.487602629960899,0.502610449458558,0.436529501897996,0.525088957498792,0.571320589665969,0.681010851370004,0.445840292975747,0.439732672297133,0.720858820104264,0.59686420369326,0.501701001967454,0.650683586828487,0.560162728600462,0.524852493467381,0.5526309004145,0.612380210496994,0.408583665264813,0.489269876058004,0.48468198739055,0.700705207713673,0.520924966734798,0.795785461540987,0.619358782094669,0.752331173523037,0.575395736381862
"C68",0.716361839996972,0.644735748063972,0.670166596631369,0.652717885425416,0.583501245160538,0.610844696355087,0.706010987433621,0.524502152898763,0.531931361215568,0.645613195531501,0.634562478917794,0.596880451840736,0.61306766868499,0.488403517890861,0.462067092219804,0.648869630097041,0.655142639371993,0.509812571271191,0.633084653396199,0.596160102334602,0.37881295805324,0.463875496585842,0,0.586728001931698,0.441741668230758,0.497402483651116,0.42008479111155,0.711809973319876,0.677621173499568,0.626781260438233,0.703920325802498,0.663055351692756,0.641859133877539,0.686078040283584,0.668125815987216,0.502300374645428,0.556418806441852,0.629421333733975,0.690712108620763,0.645155986386488,0.671318767712192,0.538068905561543,0.586748090999606,0.74864373937409,0.644563540901666,0.669692761237576,0.662747319468412,0.623823526855132,0.665908454462234,0.498746939512425,0.694275086774525,0.51261382473336,0.630821692219581,0.651751201470047,0.638462301970567,0.649199406049596,0.741047661589238,0.815070150403747,0.493412664817024,0.669702758244379,0.712333238024814,0.375372992813413,0.520373937118242,0.602869031380623,0.545782228501991,0.572672890191675,0.62923746041925,0.683107077729959,0.687598765024051,0.720564348910468,0.666235316853249
"C74",0.427275942384933,0.441744825349336,0.586426439958951,0.677669986752134,0.507242466529035,0.502428415124433,0.455038999352424,0.631133810459635,0.594735172730661,0.486582348073865,0.408109897477354,0.481104983165757,0.46864513362705,0.460632542872308,0.38893028659081,0.503943433680128,0.52784424226709,0.404460873141205,0.489032014399846,0.633222816924112,0.572339389884517,0.246840098093516,0.586728001931698,0,0.5372962984012,0.311135729813404,0.341596020606834,0.614128932743033,0.487757980903867,0.593966260196468,0.532868279216477,0.489319681938627,0.459902753327812,0.677828667446838,0.578286468476323,0.535975696623801,0.607364830372605,0.491864654147334,0.608515649284123,0.393930913867346,0.689546337344479,0.656454290786287,0.574974647554008,0.604399891106388,0.465554998269859,0.461761384930986,0.461616096582408,0.543626626845982,0.522700099886745,0.555681738117196,0.443187237659069,0.582945695402377,0.516910850160518,0.489240604066888,0.739442552486754,0.603922000721945,0.498470571990597,0.642964157492835,0.594618771810132,0.540890060690327,0.602491472907219,0.679138593850443,0.456443960612935,0.473713819051078,0.608924722820843,0.738896621490582,0.549341536095774,0.751378277246712,0.664212730639876,0.727248353251283,0.507799833057439
"C75",0.717454923204798,0.716004506367444,0.735900327716173,0.746224337846756,0.671421699394387,0.742784550957565,0.742311065225735,0.698463615039275,0.566462649504564,0.584128570087579,0.688822778124257,0.650840739216167,0.661122383716276,0.557622249026643,0.435709788522639,0.681154152299004,0.709443974802032,0.504148257579171,0.70671495406185,0.572578461070806,0.474991428413398,0.548990924427601,0.441741668230758,0.5372962984012,0,0.407601315427893,0.599305614801836,0.625203450470098,0.613286464025015,0.609377521817076,0.710924108652281,0.675393590472303,0.559325293407088,0.736975874313239,0.708130567213709,0.633908743169929,0.711451675768613,0.696458709873953,0.744279256793688,0.633517531442034,0.743460067585718,0.687257087497881,0.704852806232625,0.817877730781134,0.598796589281131,0.676884652520816,0.645103542265349,0.659624565963084,0.725044686994004,0.630313985922056,0.603443882056946,0.662503895398736,0.695016704166408,0.695978372879884,0.664971803402731,0.642555109640035,0.805964820890916,0.866536389313778,0.670448312807145,0.617911183670943,0.731938926923521,0.524366921065374,0.623990808912431,0.721814315567465,0.641716786026888,0.641566383094282,0.71311803127724,0.792084011911121,0.64980370503336,0.79181621342187,0.640363951471177
"C77",0.540477589260736,0.552014943904357,0.67161108948661,0.657767179952549,0.58686982845608,0.615946748470814,0.579062436698496,0.498884437404626,0.468228368821206,0.599600393498145,0.589143524094248,0.511417581786146,0.505277715240751,0.318077697923259,0.368039227529337,0.588665919713679,0.619965751943011,0.399772863981635,0.568391252663808,0.554500448301576,0.517115338547589,0.44429548043204,0.497402483651116,0.311135729813404,0.407601315427893,0,0.521265954531823,0.629516837481847,0.423466423510829,0.639053821700134,0.662029870711904,0.606268116049587,0.510865197744956,0.642773474036258,0.646147457233862,0.541340089700757,0.624620691617427,0.528501911150513,0.6131842610224,0.534820027227217,0.675339441590889,0.631668876336347,0.53949198687986,0.698557765931658,0.527024887667948,0.551795202180896,0.510069373411059,0.495758820782722,0.605549685857408,0.478824674873755,0.507025847765827,0.573863570993636,0.57752831214478,0.55823692986704,0.714440933084094,0.637575632557424,0.659812769756111,0.760920822893297,0.525064249882183,0.573396529716078,0.622132421682695,0.60736589004915,0.579218135314691,0.565533034601275,0.501438645095195,0.681434995715652,0.688124701501979,0.727252022425223,0.630771455771765,0.720686717010941,0.490725330238736
"C82",0.534528548214378,0.471655957424654,0.628226738720374,0.70253001250578,0.432282280319176,0.372233062253834,0.522781742727778,0.567121376096374,0.554329251318907,0.489674484489005,0.430560596941611,0.456827015952997,0.517458338919072,0.51007310367522,0.394741728065619,0.565727189695346,0.503018452519421,0.476968382950709,0.494938761904428,0.667378913624571,0.497663892336158,0.239240150528927,0.42008479111155,0.341596020606834,0.599305614801836,0.521265954531823,0,0.655677904903802,0.660372981126481,0.548627385989838,0.50718209210115,0.448858535680052,0.528096444887932,0.62902351108473,0.530825659476554,0.49781680572401,0.52449915875791,0.534533381624561,0.666143269817362,0.510553659975441,0.663485386932985,0.55407877621405,0.571988500997052,0.571827788156407,0.556339742419421,0.572059867207317,0.54716026040269,0.601724716204118,0.500607207770448,0.482893108451679,0.641803892702446,0.647683127718803,0.541881058789217,0.507769773360996,0.694882658376545,0.63233152759344,0.494943582959917,0.678601171184914,0.513805913765337,0.57343024075865,0.625220343315349,0.576601523573772,0.291697533573577,0.468327527434405,0.554935715965955,0.681185616836223,0.513001265980856,0.78190570829535,0.701556066537219,0.766653144003884,0.609100128985461
"C86",0.504184637904789,0.608458259602257,0.560093703035184,0.765547503711476,0.668068963152247,0.60588809632224,0.42769697030346,0.711259932227249,0.498093704295479,0.431311819854058,0.485814590876579,0.546958709230125,0.530113432120144,0.634177079709556,0.451566853457957,0.460227404787735,0.543441837668273,0.471838512059187,0.538663688566594,0.586745772665969,0.743577255237565,0.600355662332696,0.711809973319876,0.614128932743033,0.625203450470098,0.629516837481847,0.655677904903802,0,0.638745328615658,0.355191884424363,0.469691469625431,0.462742765156499,0.432121071774011,0.485464043373558,0.33781528229322,0.6301157448503,0.605965988183916,0.596786020266537,0.657807331327971,0.49229368718618,0.648983866401616,0.562886625530261,0.706179748077944,0.552662717834508,0.456072158087794,0.529928506736751,0.349544676290165,0.493783148323167,0.453878070440913,0.59435478684202,0.575102778412916,0.832695352412916,0.53232027506838,0.577976058578661,0.760073609822195,0.281163356556579,0.718818803729949,0.757649243418061,0.736595313241747,0.444846646983093,0.400337144664694,0.723719348942462,0.648690403540619,0.557079622281815,0.626773881181177,0.814991038864048,0.725756673846806,0.880307862869885,0.681061333232982,0.820651876604987,0.541437329338845
"C87",0.592051355907108,0.473390038986067,0.612267761059498,0.482924913132003,0.626541268734135,0.477044506366681,0.549960899234326,0.566988589174313,0.650472381600691,0.578321317697373,0.710498788930474,0.637852075386716,0.478355298076751,0.595194379399041,0.547547716979702,0.658754192362131,0.707401481846224,0.469503734755548,0.550521352428087,0.6395104433438,0.667446676675263,0.599603363354216,0.677621173499568,0.487757980903867,0.613286464025015,0.423466423510829,0.660372981126481,0.638745328615658,0,0.703341866380908,0.647801207918066,0.710384523258307,0.403044128619241,0.609926953234173,0.690637734871055,0.626562646230718,0.541797469589014,0.374587379699606,0.547681389222453,0.484439691459505,0.494452379930169,0.631544628497605,0.391424086428277,0.704467618948396,0.578446486573613,0.496369661240255,0.549944921626716,0.497099685954558,0.622894482497554,0.528099410928168,0.325107618733246,0.598026771236068,0.517530246095046,0.657105178166633,0.424315683807971,0.634358074768351,0.738327571622319,0.805192250398898,0.630418983189937,0.623330322227858,0.645578168875603,0.715435779691951,0.604413330789044,0.515886554836248,0.616136097254753,0.72318054281062,0.705520104815627,0.724526917826895,0.628150275945122,0.756184236667502,0.489614744397031
"C88",0.398603500035213,0.602108692218344,0.497341721834877,0.72496921372247,0.674337762420925,0.58001607074367,0.534800918021983,0.697463727016428,0.560762225777013,0.397504636861039,0.530170127232344,0.41491094857702,0.366862135045429,0.514381129807882,0.433229474756574,0.509649998048326,0.526312240900509,0.537775668617683,0.384469275164579,0.632834208082369,0.66660220087343,0.455429850082986,0.626781260438233,0.593966260196468,0.609377521817076,0.639053821700134,0.548627385989838,0.355191884424363,0.703341866380908,0,0.329698986908959,0.291460802633611,0.446863919178032,0.387902216824506,0.372874185056728,0.556870504862187,0.574418652787,0.616306231403979,0.523907987225504,0.464878198242826,0.591521805571848,0.456946055295004,0.677616264266258,0.49945593890553,0.447951178925958,0.414511452456376,0.360201399001397,0.403584367077344,0.354635990197444,0.523767201476718,0.561537270603548,0.807783371653111,0.386626980647387,0.414625491442743,0.730650442487313,0.453411763657289,0.629090833919764,0.741519384807254,0.72464850451497,0.450177286380697,0.319402165592884,0.678874432228475,0.632908821235489,0.569185660298991,0.533380887390208,0.779890237287803,0.67839206692262,0.870968916718406,0.710782498261295,0.784800803404817,0.558323051497067
"C89",0.413324364841068,0.431470832483292,0.58941152489568,0.631823391818571,0.568743555986246,0.420981402148356,0.400467542654565,0.654112538263504,0.567454427972505,0.338034926059245,0.436926928965761,0.409688329314493,0.387821067017824,0.495907390666941,0.532968369892505,0.477839921998099,0.46485306858642,0.548802763404566,0.344854745394644,0.657110615989555,0.694842999036213,0.44245799987416,0.703920325802498,0.532868279216477,0.710924108652281,0.662029870711904,0.50718209210115,0.469691469625431,0.647801207918066,0.329698986908959,0,0.30038452466201,0.373794274433111,0.324476840306266,0.350811047804907,0.600946754763185,0.429218301532624,0.567050853513875,0.405729977431762,0.398112054674613,0.498060963235659,0.447834768936893,0.568776859297089,0.448441182209571,0.512061667617082,0.383398870031872,0.443392543787919,0.435517410762107,0.19886010919944,0.457244926217249,0.576181707750406,0.804204807452254,0.360069475827592,0.436840179633321,0.689009386291127,0.583586618782445,0.525068231132905,0.662396379880034,0.651555998443488,0.46208908817225,0.372538910885353,0.677344349338132,0.537130001682008,0.36861517519996,0.458359755087788,0.779388527239745,0.61713856530596,0.875308224767086,0.739207838812505,0.774052232230315,0.568549563958021
