"","hdz-013","hdz-014","hdz-021","hdz-011","hdz-010","hdz-016","hdz-026","hdz-024","hdz-020","hdz-035","hdz-040","hdz-047","hdz-054","hdz-069","hdz-064","hdz-063","hdz-057","hdz-071","hdz-065","hdz-187","hdz-184","hdz-181","hdz-180","hdz-167","hdz-060","hdz-174","hdz-163","hdz-098","hdz-102","hdz-097","hdz-087","hdz-085","hdz-192","hdz-264","hdz-258","hdz-274","hdz-252","hdz-249","hdz-240","hdz-272","hdz-250","hdz-270","hdz-273","hdz-262","hdz-271","hdz-203","hdz-266","hdz-394","hdz-196","hdz-235","hdz-198","hdz-326","hdz-330","hdz-318","hdz-317","hdz-308","hdz-314","hdz-319","hdz-324","hdz-305","hdz-310","hdz-320","hdz-301","hdz-241","hdz-327","hdz-236","hdz-230","hdz-222","hdz-398","hdz-339","hdz-321","hdz-221","hdz-408","hdz-219","hdz-220","hdz-392","hdz-229","hdz-405","hdz-350","hdz-224","hdz-215","hdz-227","hdz-226","hdz-388","hdz-352","hdz-354","hdz-361","hdz-452","hdz-426","hdz-442","hdz-445","hdz-311"
"hdz-013",0,0.421407810951035,0.459023430269143,0.712108309541822,0.609368359659951,0.487421809428597,0.271362447317074,0.622119885191342,0.688444133398316,0.653465187498948,0.45440276843073,0.415047567530544,0.625427964570668,0.613223880296404,0.558210448890627,0.419145428599065,0.448800264602999,0.496109821257117,0.546414807234447,0.364198970042347,0.516348001446154,0.459349062493906,0.553065755084201,0.510077620449753,0.603192500124467,0.483331151955284,0.450890635527783,0.460480762083795,0.66071407577505,0.70422336307657,0.407660853951246,0.631627650873091,0.375219327975607,0.667212068669111,0.510212384182363,0.50334874231266,0.652320587909689,0.44585436686996,0.527827087828144,0.410303230549709,0.389974087520168,0.405843094766859,0.305905276479738,0.420162127705028,0.483719418288344,0.474947211218986,0.399615350229698,0.577564426107388,0.621184120730981,0.469349526585229,0.488609590525557,0.345149053865737,0.571874772989866,0.454478889152537,0.539739305975585,0.61684975221996,0.435290758304,0.471096568229764,0.368758051420069,0.376150092244418,0.380683148843605,0.386341093467999,0.329129860109345,0.558071337192959,0.422793292369292,0.682769701726686,0.423327238007225,0.333549957722019,0.562437836467949,0.713115775437559,0.763949120255413,0.511352634473823,0.483271767171625,0.636033938496821,0.691359249754022,0.582247443958512,0.377782739124163,0.531472937063751,0.462938837276109,0.401423987374512,0.734462321408234,0.556194650443653,0.464151588138106,0.606902349647432,0.813613485376913,0.715432564942282,0.785865602469382,0.762820767899295,0.575491072256021,0.685623570605663,0.739899027289561,0.430114560411508
"hdz-014",0.421407810951035,0,0.323493531101032,0.455184327738745,0.389289677238144,0.258820257714643,0.196052389669471,0.526317498754793,0.602717943296301,0.616152130695028,0.503243761375319,0.506127375593798,0.54745768283904,0.677994088853153,0.63501149401712,0.481368040640534,0.573072989686848,0.577138829410411,0.703533856406005,0.394687730070701,0.608487421676339,0.535711081677747,0.604017122912263,0.635358478290294,0.639822590435244,0.496515144764171,0.440989652455147,0.578284944040114,0.711891827035408,0.654278768797081,0.479708275660649,0.573997338632659,0.422313998234661,0.694741005810579,0.555921504063148,0.443452821043572,0.569239542303116,0.569473452586075,0.411464323904543,0.592174751511668,0.525843815812674,0.385439217789479,0.538929426197167,0.413069917077728,0.56530146801804,0.472146861917403,0.524583561474473,0.477394643110525,0.403768715046572,0.219607245948563,0.511159152300959,0.368248844689632,0.533284957166389,0.444342026147135,0.494301422217292,0.563738633309017,0.560240105428763,0.494876187007317,0.481540200353002,0.296000660573283,0.539642407594409,0.527145645961142,0.398852356605443,0.449232326382284,0.360995923298307,0.595491539491783,0.379295810703484,0.504382806340591,0.403597783570292,0.585720573837731,0.531855385354475,0.594215121376591,0.626919635538077,0.689214639376393,0.597006124390395,0.447803391447864,0.411840664816394,0.511830907446963,0.571714272929599,0.521190641207527,0.695567818619633,0.43455278351714,0.144413627736187,0.667755114850651,0.696961987879495,0.553825026441841,0.735794809261688,0.65720308919974,0.658240508667282,0.69241929181548,0.756427992475614,0.561399288329386
"hdz-021",0.459023430269143,0.323493531101032,0,0.511224468002542,0.557978937857141,0.500950566759637,0.418133474323417,0.634156971447684,0.700474666992041,0.657818990381869,0.607659869298382,0.612054742141416,0.543954000075184,0.749453090348524,0.74016731373407,0.53668872961027,0.692295134492782,0.689178419392533,0.751919741030887,0.539800033920413,0.716361742203656,0.636235136822751,0.63601406302942,0.746860234050519,0.708881386650242,0.606851871079739,0.586230933162597,0.626862480477274,0.771506145050288,0.711647738234285,0.636736154943854,0.70624801312527,0.563057969558112,0.745983668118096,0.682240412909321,0.611300249248216,0.543453988098353,0.578498229386738,0.59108814350864,0.535825181179419,0.478070869464684,0.571180168918145,0.564049845683298,0.558439619771263,0.558491032936148,0.642558520476693,0.566272704637407,0.496999520296886,0.59482381796769,0.418015905948054,0.597127215428131,0.36723075408115,0.638530817479508,0.58167511061838,0.488925270893662,0.647254073346966,0.548812159728469,0.595547538380104,0.479709609943307,0.364424313586944,0.543843942264374,0.469625206513627,0.435902623809618,0.629505540133206,0.428638251111771,0.617907096575631,0.461517381587847,0.569863467089042,0.539360101801094,0.713168506582134,0.599468468437833,0.561938952232915,0.696905196144281,0.735157369135764,0.697905756419813,0.48000205260029,0.488504360049781,0.664935765741777,0.611452586974177,0.440443447196877,0.724761134240987,0.594423616539803,0.393938760492544,0.759427589571127,0.73082044155372,0.543672262352675,0.716768764462408,0.71028869490121,0.662550848176902,0.7354995394817,0.727137188502232,0.577087189176123
"hdz-011",0.712108309541822,0.455184327738745,0.511224468002542,0,0.619392981488103,0.504808982335301,0.56282475578304,0.604143405654029,0.593679763961816,0.639827092759928,0.720914332494376,0.733827985971517,0.666084616170523,0.721341743778022,0.701644838436772,0.657676209853584,0.772686081573826,0.760458739814608,0.729683602726643,0.582604484201471,0.720424097690753,0.730004127774323,0.705884676003507,0.740857592594117,0.77092623456528,0.681587142117494,0.60646874566615,0.720661357218661,0.700507708410598,0.678128502249352,0.710694934236012,0.678961308249256,0.68794097465239,0.71891671794068,0.659924090721852,0.714797106187311,0.665057936997657,0.7932882661346,0.35721689763036,0.760568595951625,0.716023500932055,0.655276910197843,0.755625249186287,0.582389658320611,0.664874830034632,0.489710967971241,0.747512337442751,0.60283693821658,0.419619192923552,0.426183039715355,0.524542982284052,0.569244943010206,0.453720555404133,0.538879373277378,0.547318361698744,0.596543225931881,0.737748751190915,0.68362315289088,0.708653285894835,0.523429872327286,0.670639068572251,0.579499336079414,0.680928560647598,0.464678744201128,0.458968522960784,0.582177742993664,0.50316411947488,0.743034218829115,0.387502216597057,0.591637586595139,0.264705583111923,0.747976129717751,0.799759270120752,0.805132620858458,0.607676252720484,0.608453141165046,0.626808156333467,0.502205154162828,0.79294143231656,0.7167231096645,0.682085775545673,0.65032319029087,0.46112549818145,0.725641449394891,0.612183873943451,0.638227720931836,0.640273642990277,0.731736991621541,0.752102083981452,0.660645401334605,0.757668702502438,0.664238231954598
"hdz-010",0.609368359659951,0.389289677238144,0.557978937857141,0.619392981488103,0,0.467756481233777,0.501819994009985,0.544821781571,0.607902645175055,0.676908615349794,0.386661563472482,0.549824930317184,0.419598159912053,0.605227976462994,0.58821877808988,0.622795478245046,0.479635234389581,0.536170702176008,0.650344404225402,0.557346592719893,0.590277644890566,0.424487371614181,0.58351117689996,0.572884273989967,0.567675271715546,0.384964146988282,0.546309460083103,0.497853955546334,0.703510501957434,0.576059877667094,0.416074242307372,0.493330401807882,0.456360447735522,0.644840726307094,0.570925665877267,0.384354891470872,0.432010177652952,0.632886525442975,0.600489871854668,0.646444383371543,0.621056862092193,0.546193420120337,0.623497635318331,0.519592742868252,0.667550943516548,0.596665234964674,0.622517828226587,0.414243789414965,0.535477270907714,0.417890416024293,0.740325986424964,0.572201075923034,0.678074301465791,0.662583608735923,0.62749984819618,0.579667048823421,0.690604101238848,0.458856869428083,0.570757749934259,0.583293042621836,0.681466802984707,0.697940850404003,0.540791918752653,0.567892375286842,0.564583002052154,0.608216461298818,0.56279283032083,0.617965296872998,0.651738253061489,0.444651478391957,0.612711324720047,0.636082606948275,0.658189144632982,0.681368230191312,0.543180543028098,0.38581308085541,0.566099739020255,0.657536366204299,0.573340873719466,0.632762190759725,0.634845027972238,0.328575280173516,0.373989790962714,0.611545203890862,0.537857232603851,0.344176576556767,0.688621589652899,0.846836695517693,0.738755050354568,0.697727526513178,0.793917565495915,0.685394250858615
"hdz-016",0.487421809428597,0.258820257714643,0.500950566759637,0.504808982335301,0.467756481233777,0,0.302878001670819,0.523041610331389,0.539440731219117,0.605074370899108,0.423492398168061,0.44979750730555,0.491425113167123,0.601103558259126,0.56188531119647,0.380462201749693,0.500802701219223,0.509295921362278,0.605429640804072,0.37142552044429,0.584007354281162,0.506471685678036,0.603070906619445,0.575009414315723,0.596205693496627,0.494741347473493,0.341626894287353,0.53830573074109,0.659182460239342,0.650940145353505,0.439691676731103,0.538334457838636,0.507450198718791,0.725256589297832,0.618636909743547,0.355703569548049,0.50680864021114,0.553150647918254,0.455976566338865,0.549916311585629,0.505473120780392,0.334548551954658,0.450476129069349,0.322148836924787,0.491952169957413,0.394777619376196,0.495779538637976,0.507032248978109,0.391182866637058,0.298221659126545,0.519636604317139,0.363902307194221,0.413737318045068,0.434530724657654,0.481863016205972,0.567270893016302,0.509383265258828,0.416303517408243,0.508704164137741,0.393893825207915,0.546310525516185,0.543466244331181,0.3776126736288,0.345562538910452,0.424513708537372,0.706543724229412,0.321637072720514,0.525788792725927,0.435571061841439,0.591936945575452,0.506914935170765,0.593019456142437,0.584192935690198,0.663486169562089,0.563318437902538,0.56510424396571,0.402534646185588,0.392418082324994,0.519730125314357,0.531989281245826,0.645109850785363,0.350490206720334,0.236975545880589,0.551175053353403,0.690681984381812,0.578392573770327,0.801782072319529,0.696878604175509,0.62028362418288,0.719852690238606,0.765491874576098,0.577517596797486
"hdz-026",0.271362447317074,0.196052389669471,0.418133474323417,0.56282475578304,0.501819994009985,0.302878001670819,0,0.548021106075993,0.632394951601557,0.61332678504876,0.354623821476849,0.35662098033191,0.582182763255405,0.579478792700162,0.511476969665406,0.379702631843412,0.476012726598312,0.477215659479152,0.624750866570668,0.288114986789267,0.515437294154283,0.444825617821732,0.506396997409302,0.523454102977859,0.595720193079822,0.421704028040743,0.386480876189645,0.468337480957026,0.615978508647452,0.70331317825796,0.353822274864159,0.61067223386678,0.329528161788819,0.655714740164148,0.481568210922474,0.477098605547249,0.597641883834887,0.494669021123226,0.362635053765765,0.513538656390165,0.452564180243469,0.282362646439102,0.45082982531841,0.288506546636864,0.502577369230491,0.352886426615079,0.474353835393726,0.521930269339765,0.447914461941122,0.319768298048692,0.401212226114595,0.288883103247789,0.448677930689762,0.351195107491749,0.532566310528661,0.576581150121811,0.533918225604935,0.397467998360473,0.398380849264828,0.187535034213994,0.440125124934928,0.431845757508089,0.327294012318236,0.492861205874325,0.284141163347893,0.650628453890125,0.241226157485526,0.421609375594453,0.440356875976276,0.651153683628504,0.614426209094945,0.52147102358368,0.576832796113718,0.685067891567754,0.631492101757385,0.523717335500389,0.31150787794919,0.43594117874506,0.470907115825403,0.449889626518323,0.698175924644043,0.510415056695611,0.250190350356986,0.58738625760384,0.74606126756435,0.627353615472475,0.77194003202695,0.692466472177188,0.649213305552016,0.640068940690552,0.729218739699308,0.447805483624266
"hdz-024",0.622119885191342,0.526317498754793,0.634156971447684,0.604143405654029,0.544821781571,0.523041610331389,0.548021106075993,0,0.294506151631282,0.379502793341415,0.498507509097938,0.541153208645088,0.542882873240808,0.472819680171007,0.413686830692518,0.684406269596298,0.633265476491242,0.640217005035109,0.563678334022168,0.626670855468512,0.468926845709184,0.576247826985913,0.648491606541131,0.499000484495575,0.68895066827328,0.548576298886972,0.649214313169735,0.612355918641871,0.61209175314339,0.54258754311697,0.553776647872202,0.395652202062648,0.544950352968563,0.628867831499432,0.450211180766283,0.498612102244136,0.557111778509149,0.727511404460407,0.540663684035758,0.728163144473519,0.726571716001248,0.679572132146912,0.686515891466409,0.628047350341012,0.62202143467517,0.565075606738052,0.713000359246045,0.520402386831417,0.57528475094431,0.539998593658166,0.636192597029147,0.628126581058507,0.598267875584314,0.553329094529972,0.590102051618465,0.334124355636782,0.707134705786158,0.563002705508687,0.631377722006148,0.615085885203468,0.563609944740398,0.597473637084876,0.637725375168321,0.540806363383723,0.642442511119377,0.426318061229203,0.605421998119794,0.637873632880876,0.536193833569142,0.377348626746583,0.648584567264107,0.708478125527734,0.664249839137155,0.743853760778457,0.306165080079998,0.610802868881271,0.678366609571918,0.572052991375969,0.654268184685927,0.685530543427021,0.472721552983242,0.525286641553059,0.551802184753337,0.468371087850519,0.554022916000751,0.661495192758209,0.622246480480367,0.905492027875958,0.725773626257643,0.649459675652446,0.69185411095526,0.58278035279578
"hdz-020",0.688444133398316,0.602717943296301,0.700474666992041,0.593679763961816,0.607902645175055,0.539440731219117,0.632394951601557,0.294506151631282,0,0.355680188129503,0.553375974666786,0.521543007374403,0.553224074524613,0.533627555705253,0.405182703562551,0.689458079691901,0.61532863807541,0.642546788704733,0.564939305567792,0.634182137868727,0.476471736242005,0.595139433882136,0.620788239079965,0.494705153569185,0.647477927234344,0.528918499161661,0.636494232295816,0.6388015636342,0.574030625140649,0.630040367470279,0.567774613840741,0.426701275605783,0.614110887693131,0.681973452600328,0.501642055693611,0.557700222318859,0.546348496430929,0.711374786911252,0.568180854156716,0.704050216499576,0.68503678906409,0.645342379015445,0.695831232116863,0.664473724459547,0.588349202987146,0.61730902958943,0.703293827353867,0.520856680807256,0.560035954832945,0.601861902762211,0.641037201108481,0.648028445577468,0.599634520016283,0.584091359873858,0.611732619123978,0.364671377376999,0.656504054344612,0.61155872002606,0.703540932744245,0.669289318332628,0.577781299028924,0.641387108937652,0.634917502994431,0.552296901305066,0.698076899580589,0.547475881696696,0.622465280064744,0.64253186404996,0.54558356792082,0.359043026425679,0.696096551108477,0.717993047795599,0.642230188343736,0.716603113238764,0.260775459834316,0.655980032130836,0.720379210473204,0.567928338833407,0.651075329060001,0.693974984159353,0.53252568030478,0.507756621365205,0.572157775962292,0.395220229732434,0.576273956013054,0.70279507909478,0.637927162358661,0.903311053989937,0.695305728068076,0.693901872951555,0.687179138566232,0.592536860068491
"hdz-035",0.653465187498948,0.616152130695028,0.657818990381869,0.639827092759928,0.676908615349794,0.605074370899108,0.61332678504876,0.379502793341415,0.355680188129503,0,0.589558786008914,0.492844897476303,0.567986053011892,0.483669431902604,0.522917456637876,0.689326351186076,0.676710340142754,0.689508610426148,0.565417940899713,0.661701482441293,0.533868831598606,0.649532532258283,0.642137030425014,0.573098366041192,0.739512782377576,0.618138469355024,0.698394062403808,0.635164817052522,0.611634177412174,0.581133914597393,0.619386838224881,0.506049992527987,0.595941049240153,0.699842700572252,0.578364540009291,0.572083255038538,0.587416580977963,0.767581055766078,0.633154308007003,0.724003798479869,0.713783594218262,0.714699132433702,0.716639612572185,0.708486711773244,0.692403602648327,0.64167434837747,0.749020090535097,0.497508274826817,0.578225953762682,0.634781438091228,0.536588976826941,0.643477758806205,0.58805585675103,0.619278829555621,0.565831104638216,0.415490820351273,0.71988877461922,0.567916653326186,0.714799152655165,0.614611473179927,0.606065142885775,0.60044508129117,0.673541026656872,0.647539503464551,0.658057094040786,0.305707910382438,0.627599364528857,0.665818105795885,0.469986288917069,0.526540452435223,0.71282713672053,0.724592278663142,0.650843592610216,0.772611449317214,0.383840806703326,0.536738743368646,0.721310321704344,0.609272238328664,0.704449021171414,0.699809916360982,0.449239453887011,0.624305602379163,0.633657860527137,0.534797079807495,0.549750938718578,0.68282799104477,0.51474812681513,0.880340313534075,0.780768635108107,0.688471176242128,0.64769159133994,0.61871243922279
"hdz-040",0.45440276843073,0.503243761375319,0.607659869298382,0.720914332494376,0.386661563472482,0.423492398168061,0.354623821476849,0.498507509097938,0.553375974666786,0.589558786008914,0,0.320419185753614,0.336937268508224,0.385016294839668,0.373904088064177,0.439510673136322,0.294447253072914,0.376594037381477,0.470777536406731,0.394630060857963,0.409686189454311,0.215972923630135,0.378642928092714,0.360194547051589,0.448439939584342,0.197871988744754,0.40999090323681,0.274969282706333,0.552754479878589,0.599182465261822,0.230237820433218,0.472481331931163,0.345122820754719,0.542655501565854,0.4661945214185,0.377666961947489,0.391894837400569,0.46450067910338,0.52003872330711,0.465774249383603,0.441110784041734,0.383580276358266,0.46029326673797,0.300201696710914,0.532068178715651,0.389973140098478,0.522421935131208,0.388505596480672,0.545283851620144,0.478450371080707,0.591512547011424,0.45313548891112,0.506965056066311,0.506973815064755,0.595801745607348,0.558401665132545,0.641592931108898,0.302084119229381,0.415711971762328,0.416430467813915,0.51560416338557,0.54513263360819,0.414169667836473,0.519203024710744,0.460473156613303,0.690915950815871,0.326192526336684,0.503462043585701,0.605039682629413,0.520992413922056,0.671755935475769,0.479674165592996,0.584525488125074,0.673661991909625,0.539018295628506,0.534838970318532,0.426055150714072,0.48963488123388,0.380787641201789,0.496731574933056,0.567964892099569,0.383771525454097,0.474318875994255,0.41919810145264,0.676212207519748,0.468186107814653,0.805620928462651,0.888303353362912,0.686143121242601,0.606240041109285,0.749824767269374,0.539016768071966
"hdz-047",0.415047567530544,0.506127375593798,0.612054742141416,0.733827985971517,0.549824930317184,0.44979750730555,0.35662098033191,0.541153208645088,0.521543007374403,0.492844897476303,0.320419185753614,0,0.577345828799925,0.516350842374277,0.427766336831681,0.453356006039949,0.375222510388857,0.453115795557739,0.503821211545582,0.447424421689554,0.443500540123925,0.434611393651165,0.48678006184866,0.42680699633804,0.562548947414851,0.398490050019054,0.514462642084974,0.449432761907306,0.593159178489868,0.695941921977549,0.361851232187364,0.606658701177403,0.343478858943987,0.667545961596311,0.494363032524515,0.39350482228624,0.596084401266274,0.578456105637887,0.548506939064147,0.558999851608672,0.537141970567136,0.423384923228334,0.461822872788513,0.498192549693813,0.556993138534678,0.491628459957245,0.545191135937192,0.503964308121752,0.607346910287197,0.569293188625974,0.519975340349228,0.419427992908986,0.539138395217452,0.511664630072137,0.624341436959058,0.52604362417227,0.482107543131167,0.347733360194539,0.506254124763541,0.447432386509648,0.475465352228784,0.545028475934653,0.441572293477968,0.649137343549973,0.519179719410669,0.633559517526977,0.446147564904149,0.478028292749691,0.597084154470562,0.657941944030428,0.794863759149029,0.595178618786919,0.381377429553774,0.60980805174961,0.532327504034215,0.535634394977,0.486592278254396,0.506166793709765,0.500835594984075,0.539884243806402,0.708403645107233,0.471852282233633,0.53126144418865,0.467052796699207,0.748669493445929,0.662453418248276,0.737215523795235,0.804626037037915,0.68895452950602,0.6196198515255,0.686338698861316,0.493000305880243
"hdz-054",0.625427964570668,0.54745768283904,0.543954000075184,0.666084616170523,0.419598159912053,0.491425113167123,0.582182763255405,0.542882873240808,0.553224074524613,0.567986053011892,0.336937268508224,0.577345828799925,0,0.480994506220646,0.549236485471528,0.52548606037475,0.458257311323245,0.539199539186261,0.556750672883797,0.544994633245086,0.592556705252793,0.397974718916683,0.481088987540782,0.565361689405999,0.54252381093759,0.305236687616753,0.506684334399443,0.327407072690567,0.624758724864787,0.504951556820149,0.430176851536719,0.460950128819735,0.522951664095192,0.556161107002048,0.600756768292698,0.407078692106182,0.132160065291291,0.61319719940477,0.636227289417445,0.548400792599217,0.511140705539598,0.541579823192472,0.589647614479287,0.440156560385676,0.654518532639564,0.578059027067881,0.623119468528339,0.221920489852757,0.593176498423207,0.445271856580617,0.659974282112584,0.572261983094155,0.59333755781935,0.626489196741524,0.560373242719003,0.538813055680591,0.676045494271559,0.393436851784915,0.542102363523081,0.527016315321594,0.642639961316878,0.62504577154198,0.548588334720897,0.520642098332287,0.519574358917197,0.664590023167862,0.45690430207817,0.607562357340554,0.54720814711702,0.526814055413732,0.632901909009845,0.555384071508171,0.691615556585462,0.714180512942612,0.581049441207451,0.487629126823346,0.511380132101527,0.597112766515644,0.50242770930933,0.550413403896993,0.47271410135021,0.319631783577635,0.495007928228913,0.571962534834228,0.618334270759815,0.403277848428812,0.790634119599784,0.888616975227521,0.741059511380136,0.696598118254751,0.766557402185195,0.697394773164385
"hdz-069",0.613223880296404,0.677994088853153,0.749453090348524,0.721341743778022,0.605227976462994,0.601103558259126,0.579478792700162,0.472819680171007,0.533627555705253,0.483669431902604,0.385016294839668,0.516350842374277,0.480994506220646,0,0.275866595172347,0.449889474401394,0.473156107490048,0.575091156071096,0.349141094397708,0.570874640874657,0.417628682966648,0.381268687941417,0.524799956563659,0.33746348778285,0.642580689238933,0.395493293609404,0.58059292322961,0.432599986009294,0.427440630081913,0.533545205989825,0.445496070154991,0.430577809464919,0.512756542736749,0.37797546213378,0.392359377818599,0.532758700350742,0.51709943720051,0.581225236263342,0.546013015401152,0.586705787653788,0.508102958800684,0.56398215592939,0.574043852374249,0.481866433760653,0.558369305444117,0.405646825304759,0.64330252634411,0.522395839009625,0.583405166340681,0.63855348233561,0.569244496409012,0.534591137213296,0.49326281378301,0.551144007522988,0.527637177494638,0.489368282533203,0.70018959547795,0.342728877494765,0.520618649072306,0.554854315247114,0.4629954684497,0.47499809748509,0.57391173295657,0.551987201088859,0.565306828112562,0.591830684803364,0.534535587114416,0.641442555178627,0.545662053287903,0.507201264316049,0.659556858481356,0.575074610754493,0.694003748130542,0.78348494928259,0.506310188376154,0.699713972558197,0.508763924331348,0.522899254227805,0.510458974614719,0.610295001935154,0.410427188333798,0.536436945906785,0.651592488443086,0.362497657414602,0.569122788769982,0.651386106661787,0.733603320888607,0.913147272201308,0.728753770166616,0.555185193136338,0.720985659937593,0.535233648802245
"hdz-064",0.558210448890627,0.63501149401712,0.74016731373407,0.701644838436772,0.58821877808988,0.56188531119647,0.511476969665406,0.413686830692518,0.405182703562551,0.522917456637876,0.373904088064177,0.427766336831681,0.549236485471528,0.275866595172347,0,0.552316720873644,0.463996208421353,0.535163286913192,0.397966067424905,0.498493529018588,0.310132164025975,0.38588836797134,0.50555390763619,0.288303374151789,0.581783664280157,0.361184712877993,0.542947220798532,0.43799996704451,0.380421231268787,0.612392102868797,0.397075137501994,0.409400922931278,0.487613636664649,0.480388270442437,0.308440366289018,0.534627002099537,0.512327975573827,0.585756110525547,0.494958077047084,0.616594415854666,0.572353561115143,0.540816348085293,0.573838991271583,0.512870278889851,0.511461090665161,0.413761472455319,0.627799889209809,0.518674341195143,0.58860672517336,0.581710342704923,0.571572687049868,0.573477517797756,0.517208486476956,0.468936325724269,0.592988194484763,0.393675276660467,0.630890889588473,0.426541371981971,0.530084685724495,0.584667354870516,0.409376906578579,0.493411155825058,0.531248449797939,0.571733936629441,0.581153492261683,0.612392997089831,0.517367979047935,0.57455709261775,0.566956239757526,0.471212321393962,0.712516960337765,0.635631799859378,0.628697321742703,0.734968317625604,0.395388943210209,0.715866406696173,0.545461585652852,0.458771948888489,0.489937007017547,0.581648390668432,0.522206167925789,0.534111160517654,0.586076824826638,0.271499643891176,0.615487493381891,0.690741306316363,0.721444460392426,0.911259955431137,0.674509531845859,0.542474218292881,0.708325804799918,0.474712501217631
"hdz-063",0.419145428599065,0.481368040640534,0.53668872961027,0.657676209853584,0.622795478245046,0.380462201749693,0.379702631843412,0.684406269596298,0.689458079691901,0.689326351186076,0.439510673136322,0.453356006039949,0.52548606037475,0.449889474401394,0.552316720873644,0,0.412204263432923,0.52511951161606,0.5373647454442,0.444030415598959,0.607505572982177,0.451418849859053,0.545406798631828,0.550819917159692,0.643352106385235,0.455910592091341,0.442692461406374,0.470598789652362,0.607205959311752,0.664029469221777,0.45930092482468,0.61408912230545,0.507486077578784,0.547210194402878,0.581339017712011,0.50198051882601,0.56589534244647,0.414987306879496,0.526753668902795,0.40831562206857,0.281416240300525,0.319751656294721,0.331814897352503,0.311259381782733,0.452415237487406,0.430631829174503,0.448492003293042,0.577115029282865,0.517936260757457,0.525543853970952,0.487774027996004,0.227452408915742,0.468226124694525,0.465120978749678,0.449234195447807,0.638017087256687,0.455413734298978,0.342891790853,0.425821014731595,0.351114852510574,0.418945060488486,0.412511527237542,0.33955615199201,0.506207875303035,0.403845782210861,0.775003313941465,0.376117277952141,0.522924023370408,0.499383943022779,0.682411330647744,0.627959957474911,0.471736216068081,0.607239360382449,0.729515914692733,0.696786635037434,0.676076815915311,0.17096685246868,0.483693288746,0.445993100851701,0.441892802703161,0.642653136192283,0.47255733904308,0.461427018880585,0.56956872533369,0.751427290184688,0.682332760199995,0.853770081058918,0.711535602038745,0.63260178810246,0.691591791876081,0.785059934714197,0.517940107783913
"hdz-057",0.448800264602999,0.573072989686848,0.692295134492782,0.772686081573826,0.479635234389581,0.500802701219223,0.476012726598312,0.633265476491242,0.61532863807541,0.676710340142754,0.294447253072914,0.375222510388857,0.458257311323245,0.473156107490048,0.463996208421353,0.412204263432923,0,0.278166697946103,0.353005891894836,0.328207684611641,0.354606382524483,0.240456910159618,0.457067927728332,0.317432032738165,0.408220416100751,0.35380784868856,0.340430731229558,0.295347500763916,0.614577116787843,0.566177749333338,0.236910869516399,0.473835841002823,0.321917490131013,0.513715916187472,0.470049557355088,0.325078944936039,0.500391091520694,0.501413727981083,0.639674692317012,0.379617851096711,0.394581701376756,0.316895008130707,0.298043703443307,0.393404941261559,0.522684156904778,0.484077699889294,0.407313703341961,0.468100887669625,0.603370691043352,0.576077810631143,0.584865509328461,0.528836705216203,0.524898950276085,0.519075966857393,0.602100775682288,0.586763106266533,0.563055579398234,0.374174700002714,0.490553776285873,0.551529770004004,0.545081878316569,0.564955307828978,0.395468923183442,0.508838921714541,0.558904324864103,0.767166373201517,0.475363173987655,0.401017014497379,0.626847883025888,0.62989744740189,0.735396808887895,0.561999664534803,0.471587125690719,0.610779710049827,0.598259951924404,0.595907888672515,0.448544762326617,0.479899436902098,0.465421690261745,0.49713462238034,0.635154446518005,0.402324707147661,0.564265577710335,0.39748696807488,0.749571547434936,0.608092062318959,0.83711179285803,0.873108580473216,0.636822171363159,0.67585141549976,0.752478835435818,0.612025209123596
"hdz-071",0.496109821257117,0.577138829410411,0.689178419392533,0.760458739814608,0.536170702176008,0.509295921362278,0.477215659479152,0.640217005035109,0.642546788704733,0.689508610426148,0.376594037381477,0.453115795557739,0.539199539186261,0.575091156071096,0.535163286913192,0.52511951161606,0.278166697946103,0,0.468050486013351,0.386142354150222,0.422903555851979,0.371989704602223,0.306486786187584,0.422178897504783,0.226422605809508,0.430995030082022,0.4132867344421,0.403819997783224,0.475121986482934,0.646831799174914,0.296459236385951,0.55126581979143,0.367411343066825,0.616756895626462,0.528946571950883,0.415117316767733,0.557639882911802,0.403753495582057,0.637884741692793,0.477697840711175,0.504010095602258,0.433870526592093,0.421836241617628,0.487713964088243,0.557170999277752,0.539350684218184,0.276238889037908,0.524564149238332,0.635628832778285,0.59585447133012,0.601626571647636,0.543498721277064,0.56102665609465,0.540332872528469,0.627381093030551,0.637754935032765,0.628535978901055,0.445688889473837,0.54030004522024,0.549879963982941,0.59403337488108,0.587732104897163,0.435546664042405,0.570942121522637,0.569802023095694,0.778567239795357,0.51029246834757,0.444909911971065,0.659669805616075,0.679439626328079,0.757128686811498,0.414249673780657,0.55860804323175,0.588323459343695,0.623430610876854,0.629971168049035,0.539225981934431,0.536987833944557,0.522346381929755,0.541023916878766,0.690574954722778,0.49704488132853,0.562232872381662,0.494980585614573,0.740744860860667,0.625555663067923,0.851620008091631,0.884543794446342,0.579110892176446,0.523300460126485,0.710442324881554,0.635671757052998
"hdz-065",0.546414807234447,0.703533856406005,0.751919741030887,0.729683602726643,0.650344404225402,0.605429640804072,0.624750866570668,0.563678334022168,0.564939305567792,0.565417940899713,0.470777536406731,0.503821211545582,0.556750672883797,0.349141094397708,0.397966067424905,0.5373647454442,0.353005891894836,0.468050486013351,0,0.479129479194476,0.29551953485335,0.439130534067597,0.530811932135958,0.262921335904782,0.512199341976255,0.494069524338713,0.458912207244414,0.415376354068351,0.530391911700788,0.50465022244821,0.464391494753522,0.452907016793692,0.54965032429536,0.502465734572045,0.450888939019534,0.513273729534978,0.581705924415663,0.6509099154062,0.644461888365186,0.469700878393102,0.530165586363681,0.508922937352662,0.482691912247741,0.583825932754683,0.470402772845481,0.49732367379211,0.523538193703763,0.540791719450257,0.631029155776305,0.690484123598418,0.502520259965962,0.59653326174748,0.42088316985819,0.498649819446979,0.528153486103562,0.544591719295134,0.640742489996463,0.46696130584636,0.604838682326172,0.629946257135432,0.551221351087752,0.495294817959061,0.49925171270306,0.541624425030097,0.646716941857569,0.676044930915831,0.560666746702112,0.523466400217651,0.582146081219654,0.61733310094208,0.71436575296912,0.642991949612063,0.533122464448527,0.68122242945237,0.550884716996114,0.719905719551491,0.580335029964629,0.463307278591655,0.58780536841619,0.527708793383237,0.548725829883644,0.57047721881801,0.685333716556817,0.278602927414903,0.648631033202534,0.6883750354394,0.755878246873519,0.892165773602883,0.62837161669906,0.624642062040119,0.663264585053752,0.627594545548451
"hdz-187",0.364198970042347,0.394687730070701,0.539800033920413,0.582604484201471,0.557346592719893,0.37142552044429,0.288114986789267,0.626670855468512,0.634182137868727,0.661701482441293,0.394630060857963,0.447424421689554,0.544994633245086,0.570874640874657,0.498493529018588,0.444030415598959,0.328207684611641,0.386142354150222,0.479129479194476,0,0.356898816467223,0.315176865844916,0.441102137954188,0.42276445973158,0.431746918773068,0.393691383401271,0.145371040896304,0.389609350595474,0.616106151041015,0.701123656615286,0.327997614777499,0.523962897355499,0.37287967158951,0.611337313123812,0.460111862658523,0.463019385429303,0.554855746941893,0.474016416602205,0.42620409831278,0.363065629970277,0.352410697380233,0.286691402397376,0.363645017239643,0.286194557213183,0.469338650922618,0.341836310044352,0.371543579478415,0.45793031564625,0.507922984419544,0.314975695754262,0.395920259879135,0.444396276731127,0.364740790807731,0.33616900860667,0.529085449707535,0.59003461690392,0.509405538770319,0.473483879546859,0.436269857497943,0.340523216819051,0.460376066318593,0.450703469068315,0.332135892189853,0.365799330652182,0.314752398457559,0.727292495859962,0.265778722833015,0.320598059084311,0.442082682560231,0.707396453907197,0.612865447873929,0.549614961225197,0.546544566492479,0.646314928755717,0.614503521433344,0.61325863397505,0.449878193378685,0.326332962690365,0.453130382007964,0.394864169156625,0.716233398208954,0.553543024152968,0.385510774597382,0.494577175102303,0.770116785837161,0.61126520424634,0.798826622069173,0.769621253881798,0.584627068712513,0.689888732433063,0.731198380954888,0.53897031205644
"hdz-184",0.516348001446154,0.608487421676339,0.716361742203656,0.720424097690753,0.590277644890566,0.584007354281162,0.515437294154283,0.468926845709184,0.476471736242005,0.533868831598606,0.409686189454311,0.443500540123925,0.592556705252793,0.417628682966648,0.310132164025975,0.607505572982177,0.354606382524483,0.422903555851979,0.29551953485335,0.356898816467223,0,0.344101139989161,0.448102114769344,0.15540654280703,0.464042637377402,0.422817602489226,0.458245368653227,0.405343645246336,0.494248826713029,0.573798055451603,0.360068178420324,0.356623292764552,0.40209716422073,0.475874390842985,0.266731096030859,0.469473675960957,0.602065880135855,0.591507220395966,0.545465805639014,0.489606146748373,0.544280521573375,0.484460145080044,0.477721835059051,0.547324672580931,0.474084167694813,0.448882769238204,0.539485856740622,0.520334975138575,0.609588762599611,0.602856495012283,0.509790974390791,0.586342513627026,0.483615605445564,0.44833738096747,0.590657693171237,0.480769384199877,0.643975549399905,0.478526042398981,0.571532202178123,0.590532993121402,0.483184292918018,0.477492338184836,0.48145355370965,0.492498773244599,0.61192105140774,0.629376316985146,0.52653631718413,0.46325246735473,0.569019882153111,0.557907523523324,0.735950259087728,0.645962593904312,0.54530058254084,0.673070136822588,0.453122470502099,0.677427997408799,0.613249442620721,0.463423293804191,0.562166516663873,0.560140130408164,0.553447498515863,0.566655443145823,0.588938112096341,0.291839608074228,0.681060647980381,0.68544179597412,0.731846848790417,0.906198146094014,0.593671068200898,0.616180084952394,0.679710250149525,0.535726835402967
"hdz-181",0.459349062493906,0.535711081677747,0.636235136822751,0.730004127774323,0.424487371614181,0.506471685678036,0.444825617821732,0.576247826985913,0.595139433882136,0.649532532258283,0.215972923630135,0.434611393651165,0.397974718916683,0.381268687941417,0.38588836797134,0.451418849859053,0.240456910159618,0.371989704602223,0.439130534067597,0.315176865844916,0.344101139989161,0,0.383999927981207,0.289100275692214,0.394246616800298,0.181165694938176,0.343698940216223,0.230198600401794,0.540913407619148,0.578986591597339,0.194252589703919,0.352173165307006,0.285997834964628,0.42329246618562,0.330613859017177,0.328913258005234,0.401476144522333,0.443037078455834,0.534998577117038,0.432569928465674,0.353794838002897,0.452763745807785,0.436858960267783,0.339165188313626,0.568332751805086,0.425372682003286,0.466236938981887,0.393162848187623,0.581884512317983,0.483953979360457,0.621915379819933,0.480129623409404,0.56537731662747,0.536466862855869,0.588353811090481,0.548818170710366,0.633554185740778,0.305012244536481,0.401954522650809,0.455138752258243,0.494656676475617,0.563845515515232,0.436795751954956,0.428654572037955,0.461780564586765,0.711882810210038,0.420786178014995,0.441960361756637,0.606710034374866,0.571891700851536,0.690302938928007,0.489920789666475,0.563299164629765,0.66196390281689,0.566448740488053,0.581615457700439,0.478343144749973,0.524310044008164,0.385446146656412,0.519969251594639,0.57368286574331,0.403846173156827,0.502005164047876,0.448538238144843,0.710802799081044,0.519565833271977,0.78633711135758,0.892002247908558,0.661174264453573,0.637700518328765,0.752834543772943,0.542525401204534
"hdz-180",0.553065755084201,0.604017122912263,0.63601406302942,0.705884676003507,0.58351117689996,0.603070906619445,0.506396997409302,0.648491606541131,0.620788239079965,0.642137030425014,0.378642928092714,0.48678006184866,0.481088987540782,0.524799956563659,0.50555390763619,0.545406798631828,0.457067927728332,0.306486786187584,0.530811932135958,0.441102137954188,0.448102114769344,0.383999927981207,0,0.458529984773217,0.292264036221229,0.35698543232441,0.509986205066655,0.382529707271684,0.331276450737736,0.735600216498114,0.405901252914136,0.60846135510312,0.46948799103836,0.616894919127943,0.537048351317128,0.565911067493242,0.496376894446043,0.369278646538249,0.595797531007449,0.505716522783637,0.496670789025197,0.510351879258307,0.599474939246272,0.492100319521329,0.617805770892825,0.537038474522714,0.429030612101966,0.407081478285648,0.679367834266429,0.559409150913974,0.585892633439853,0.52435909831802,0.562784850745975,0.59316925993052,0.642825795402819,0.645310162523382,0.673251032797561,0.423940903369928,0.536292693285044,0.490367455475365,0.583145216501444,0.571793406481188,0.519595236363534,0.629685985208383,0.493432095430914,0.725987154343026,0.411983908201998,0.554849405726764,0.609226331983678,0.698805269942158,0.737682646930407,0.362599037845666,0.613265642393664,0.644090232313879,0.621635050999249,0.594004726514936,0.553091101709552,0.58152785066102,0.53767300728831,0.518221963167104,0.650651456366852,0.563568187074442,0.575838991276402,0.536197796388209,0.745343487160983,0.571811374365445,0.782639287781831,0.886043452188481,0.693596042985679,0.450108134568216,0.681932830969802,0.63393695633351
