"","W1","W2","W4","W6","W7","W9","W10","W33","W42","W43","W52","W54","W57","W60","W63","W68","W73","W83","W84","W85","W87","W93","W94","W95","W96","W97","W100","W101","W104","W107","W108","W109","W111","W112","W114","W120","W121","W122","W123","W126","W127","W139","W140","W144","W150","W152","W153","W154","W164","W170","W181","W185","W187","W188","W189","W197","W221","W227","W228","W247","W251","W262","W265","W269","W280","W282","W318"
"W1",0,0.590160120293425,0.460646998527744,0.554101691206064,0.623884974565745,0.57772046618398,0.588433313383962,0.672279177942966,0.514591167139169,0.583217914767378,0.507335274893043,0.428245347565107,0.567839118139281,0.58646039727449,0.49981244677168,0.547153490200714,0.609262928928398,0.428389482790151,0.737147605515507,0.63753855348101,0.561720701298,0.664512708169349,0.461481410323802,0.645423644937291,0.420745141795336,0.486940880114739,0.446135566089867,0.459960486859559,0.401687937184077,0.709917889248792,0.475031579881826,0.4712444458191,0.44944438622024,0.514308208973426,0.547213359301912,0.611472076223068,0.552317280763366,0.515326687885716,0.579250673300997,0.534506776503463,0.726979188896957,0.465894651284274,0.55911941078426,0.527162530429661,0.501135134037978,0.479239478261451,0.4899275819542,0.603561146034783,0.601950387042547,0.738504606645158,0.482054632361645,0.413181314868131,0.517393565013937,0.447484272097312,0.642567581354176,0.569545985840844,0.589974409398006,0.364784561566394,0.425481649841238,0.903341294012822,0.766273060625241,0.432306318170024,0.505512538485379,0.56346080492526,0.596244934760256,0.462732223556677,0.466261665907174
"W2",0.590160120293425,0,0.550340619415972,0.836321384488834,0.638924994298056,0.564349741593727,0.620811729335826,0.618414982732039,0.552865092944707,0.510277779236427,0.656122329646668,0.702127639009191,0.70946036910625,0.527568840458253,0.691808701570331,0.600710110596972,0.664046964958031,0.6467792799501,0.745500407192934,0.325694623313628,0.44978689876109,0.475339343808621,0.544880330898241,0.800359453608851,0.626768593154816,0.513373199582138,0.576091264577821,0.597871823150101,0.65314719538436,0.715880886496224,0.649000552412146,0.622768194776659,0.636462696256366,0.64630746183506,0.630767906146068,0.756552698892833,0.542969145066356,0.699795194448121,0.709609715949261,0.659005082190318,0.647592370625025,0.694524626271906,0.64967525633487,0.669233794225858,0.616176221507868,0.581664457130646,0.677969716307292,0.436223506802586,0.664598870241606,0.694896459235607,0.631100984371217,0.598217123401823,0.698334755329597,0.593493765843473,0.685329796264339,0.391241532700703,0.719508479596775,0.539439904598433,0.47662003921873,0.778519439075587,0.754234881711006,0.6284027521007,0.555645256703364,0.758286941153704,0.69711506109915,0.552693174305514,0.591201831144797
"W4",0.460646998527744,0.550340619415972,0,0.662555071228444,0.657067962734175,0.547269468409657,0.643982754870384,0.71126089591011,0.556722963940518,0.653323042045466,0.52428545129837,0.505004045562678,0.588391345134512,0.579452944567338,0.61218448894798,0.48100917896779,0.608128435131607,0.436965761407245,0.678882865895753,0.661056528086567,0.560560348938619,0.694670753773753,0.650128210740444,0.70142883903885,0.626060918051035,0.570094030425032,0.52261292320751,0.528020848697013,0.47586799863586,0.73561704333251,0.614385262964383,0.627430469428635,0.585078798453782,0.578060998347482,0.655842613888967,0.66624696721442,0.672545622700678,0.615028196987993,0.614382046620197,0.66579200430079,0.774465845777617,0.665866047072888,0.670266833354679,0.520702654885516,0.635987202130872,0.47350776631356,0.633015990871247,0.579574868783986,0.6168410658736,0.720056734133321,0.467812009110626,0.5846008047995,0.612090828434895,0.589517010235787,0.689677802303561,0.52385929726833,0.670780366542989,0.525986920096516,0.551040430198584,0.872810210968295,0.832130533271736,0.567352532881917,0.62429731232698,0.578162498301942,0.692346928768004,0.589719095014215,0.594140457058041
"W6",0.554101691206064,0.836321384488834,0.662555071228444,0,0.74024879721536,0.783914499016994,0.791382160473891,0.73327035828381,0.732543988766094,0.723990860138103,0.675020390187688,0.383620734007136,0.582600358260622,0.702067489205745,0.593001615679469,0.81130048370471,0.752798036258556,0.579656207778166,0.645950794696217,0.81114071197182,0.659565205440734,0.841810671752966,0.721342469299713,0.709101195274466,0.692246897744954,0.694703651562233,0.676644925304705,0.618747086171172,0.633309797759971,0.744795736988281,0.718853807459894,0.722513584681056,0.537117708676101,0.710852398319521,0.695643871592541,0.671912393156068,0.806505874152897,0.634684226659682,0.767467106471399,0.861065992375515,0.901310287788426,0.667781883698501,0.718537439639108,0.75223387114851,0.713455813884808,0.731551108092976,0.730131037578365,0.790892219839233,0.813243450601587,0.876674483292644,0.726370394181854,0.746998196729986,0.758990534354444,0.678667021831633,0.720584028686961,0.709325934463273,0.765506498467533,0.722677720227017,0.644430370484586,0.895923163689617,0.875228784807705,0.706703977605956,0.753806879642681,0.59078833285956,0.698052752725932,0.721678277109528,0.704089663703524
"W7",0.623884974565745,0.638924994298056,0.657067962734175,0.74024879721536,0,0.497088978514433,0.375367926742947,0.582323851091779,0.535045210315815,0.625366600212356,0.499848965686694,0.697772132471097,0.616894600972862,0.396584465488956,0.581335697288615,0.483874914814657,0.624226751774742,0.607300260837471,0.614677038959927,0.615421922990556,0.619760317548148,0.760990287726958,0.573808934639698,0.668097632868797,0.517043552975723,0.602784159052883,0.613052148646377,0.515332922098525,0.564768658591001,0.531859650583054,0.597492677922754,0.57608101838791,0.721966783677704,0.569219282215334,0.589145080086213,0.601155799446489,0.774713259246235,0.577459190755142,0.554349560239419,0.704110664829028,0.789258694381448,0.607837691192272,0.410018723482058,0.531724487315727,0.594572386718664,0.631582140813372,0.551124785599309,0.581611983391329,0.560315889464651,0.607073968439651,0.479457661718154,0.498783237714713,0.425096554753352,0.679521651735562,0.58585747541284,0.566086185988115,0.531102958526433,0.679467489960619,0.636196615131433,0.907154281473894,0.854211463370852,0.53758224559242,0.720289316527425,0.596003648533416,0.636816532750203,0.561677155223571,0.561845603930504
"W9",0.57772046618398,0.564349741593727,0.547269468409657,0.783914499016994,0.497088978514433,0,0.483046647155104,0.665370080164222,0.518102396276362,0.625598398593076,0.589796429517693,0.717235378339032,0.67449670535694,0.47205095931964,0.614612574603785,0.518674868816715,0.681998962966207,0.643319599242103,0.619186326739848,0.64947769919522,0.594239682745695,0.606798405439516,0.678954367279809,0.739387150247162,0.554745971116608,0.585737455657696,0.545034428101346,0.644373757562097,0.57144152141321,0.659229405455103,0.607346172870867,0.603514453440699,0.717544867948329,0.620298794161285,0.570164410047032,0.696325327339645,0.671389096206309,0.573752083088955,0.675812420527107,0.731856630808135,0.756699417692736,0.630737315147969,0.522688503697358,0.574489931106188,0.556079945046915,0.454931950571682,0.647031513128523,0.545867344381438,0.613132621340419,0.556637070124101,0.505802484850377,0.523736868200834,0.523001607980948,0.713768156636225,0.672547206758786,0.580998071934685,0.648060072884367,0.63500281870265,0.624232762238127,0.884557226891635,0.840139406335376,0.56688808503383,0.700779270408876,0.673666605855504,0.543122084104052,0.58260018559972,0.60997486356831
"W10",0.588433313383962,0.620811729335826,0.643982754870384,0.791382160473891,0.375367926742947,0.483046647155104,0,0.615642878625913,0.560216022683618,0.673867293152841,0.677261644305731,0.758469626246405,0.761160170290171,0.448484493731738,0.605818665849825,0.476326595878023,0.543719409537569,0.681950426986752,0.661885712779547,0.606081979740762,0.676491773392177,0.684036329733146,0.634508692253223,0.738723980139393,0.518822532974066,0.634600722486983,0.642135431629964,0.600550873932492,0.638827655551051,0.585658359463891,0.574739131610085,0.613486203690696,0.773861515929271,0.681682985862252,0.535428209427829,0.720267422895484,0.698262720275185,0.597362312874233,0.433516007802551,0.689068174223754,0.759495323183939,0.687547793331259,0.418790405322362,0.489166199285905,0.577873461015761,0.531642744452142,0.59045330598707,0.60895752361583,0.602188376898791,0.542245104010639,0.487106624634195,0.405295383109563,0.451684121493345,0.717988872149786,0.576004240672114,0.560810675835255,0.648152495227671,0.663359942747208,0.626649311269679,0.91779166763379,0.815059188585266,0.564061773239201,0.681061215947904,0.713839188575904,0.622321721383909,0.550035411554259,0.614191417325809
"W33",0.672279177942966,0.618414982732039,0.71126089591011,0.73327035828381,0.582323851091779,0.665370080164222,0.615642878625913,0,0.62531837785738,0.630995157125812,0.602022469206506,0.648729267638053,0.594808862694867,0.639566917150948,0.576351379611683,0.631579346010807,0.482365816957744,0.65867586931334,0.535085854856563,0.563969148305685,0.59137197121602,0.785525913941796,0.617930287598983,0.692310657056175,0.580356498060807,0.61572703194207,0.607192886890643,0.627987422546418,0.650389908321076,0.453827178613758,0.59036086093825,0.599393602335319,0.658873327304396,0.641208799669629,0.573063159260678,0.643018136083827,0.799790902325407,0.61805024409541,0.620197016718103,0.708600546751826,0.82753840737267,0.562708917217588,0.560578527953542,0.670819661180814,0.601244794285032,0.731835237839402,0.697885341357414,0.675602066438647,0.535877070688551,0.743641743660022,0.682138760097669,0.645085106194187,0.68530719647176,0.739726987532011,0.374269140549382,0.620547426287853,0.562320730496923,0.603557914424241,0.682608907207203,0.912611441844662,0.8542635875024,0.704785887581065,0.719539215135604,0.653861320225071,0.619935165550755,0.605614989210931,0.577612366576772
"W42",0.514591167139169,0.552865092944707,0.556722963940518,0.732543988766094,0.535045210315815,0.518102396276362,0.560216022683618,0.62531837785738,0,0.454702746303728,0.505049193453208,0.607593604174603,0.558681562646943,0.57046328985423,0.464074756814717,0.557115809894735,0.594492851891225,0.393080831201399,0.655945687193827,0.470731456890161,0.316648302353519,0.552351434096952,0.54130041536225,0.685800720363841,0.470872087242035,0.347033666591367,0.322534429714228,0.384945582118385,0.401691948605605,0.635927028560519,0.49315749542595,0.384000918851527,0.536308210044679,0.444119636646415,0.419958321164974,0.549826555173801,0.704071742390884,0.473213793070984,0.580916625274131,0.598740922741509,0.737236595678629,0.490220592511022,0.56562830080694,0.445581414014891,0.462520929091853,0.452166113097043,0.455571387738706,0.391090054649405,0.554895776375748,0.678480509616262,0.466293502182092,0.518463747529836,0.570704029298284,0.623340264515019,0.632512366873748,0.386455352053296,0.601124345501458,0.561444790908212,0.48662355002463,0.88634150912813,0.800333070183477,0.487584860519961,0.674836399519473,0.543343962615986,0.414651780220669,0.508124414346104,0.527927398682074
"W43",0.583217914767378,0.510277779236427,0.653323042045466,0.723990860138103,0.625366600212356,0.625598398593076,0.673867293152841,0.630995157125812,0.454702746303728,0,0.578455656931835,0.613670822878587,0.630382451629103,0.606493308543709,0.554231331778705,0.654234691558721,0.590820166125261,0.480100062181575,0.75593094194283,0.494844527119451,0.410983751994486,0.539410135970491,0.377591699301849,0.761877828985376,0.499709353013246,0.319358062392726,0.403879266532944,0.484283503053056,0.556751213951486,0.668973482481175,0.626217281288927,0.511726189055082,0.545192217923347,0.571057450313381,0.553547595355286,0.606998323421662,0.702867838868107,0.56738564026731,0.556450742495756,0.64706591454617,0.791989063189736,0.585147079427746,0.616410255277092,0.663053330122785,0.585544922710476,0.559579493704616,0.57519998134688,0.567460633189145,0.694822369137938,0.807852975754181,0.648714613951654,0.622802627135827,0.672141665597303,0.629656643409664,0.658679979489919,0.431294952153309,0.641043105641061,0.553456190588785,0.452073773054923,0.830985450172209,0.857775936095095,0.607745967198594,0.634879193768249,0.667622882455236,0.52236490474915,0.488733464370281,0.478111272842325
"W52",0.507335274893043,0.656122329646668,0.52428545129837,0.675020390187688,0.499848965686694,0.589796429517693,0.677261644305731,0.602022469206506,0.505049193453208,0.578455656931835,0,0.42073678427217,0.383232054240915,0.595928034851903,0.471944087574266,0.461928522307629,0.418625994402882,0.524556737197554,0.5412030487572,0.626782499604512,0.441632641894794,0.783607952186258,0.38488108792267,0.46652823521877,0.462612293056042,0.429306424577204,0.429472713832642,0.423604739997526,0.273896201506997,0.618199400202967,0.47173866274676,0.491651895696958,0.557971555975587,0.456676662010404,0.560713329252073,0.509174992559069,0.791288641234043,0.450858120854489,0.486540596425024,0.627513628252521,0.837384227731736,0.42776741778618,0.589231618515516,0.344589096891028,0.507999438693297,0.550034955477531,0.564035210971444,0.56565814046027,0.46652799532814,0.794168907037119,0.448620352571101,0.552520747080717,0.526489446661534,0.66288461117656,0.569616840178042,0.567789267620711,0.503392441400262,0.587065546697351,0.617895059488468,0.912706030034016,0.887743221567072,0.456657523640928,0.712686418378235,0.38100702106431,0.544396817423727,0.508548996235238,0.442427417255318
"W54",0.428245347565107,0.702127639009191,0.505004045562678,0.383620734007136,0.697772132471097,0.717235378339032,0.758469626246405,0.648729267638053,0.607593604174603,0.613670822878587,0.42073678427217,0,0.495785324302963,0.691919873219017,0.50151863571216,0.623462831637086,0.552675624423694,0.460984596614253,0.599554617182419,0.694254841823196,0.550738716127028,0.805236788467708,0.58007044404684,0.584950542967825,0.58662444162605,0.586555291206506,0.557496879656988,0.526168993321981,0.449143274125084,0.718855057487688,0.563325965851443,0.616886536263932,0.305862841425697,0.579515165171978,0.579092702554318,0.625413115032031,0.710606905186821,0.463715184861464,0.572406451638686,0.695334449930118,0.820853569530039,0.546825072274531,0.682735144701197,0.540246199046066,0.555714625954895,0.616312874481831,0.678489784236107,0.709677450180049,0.621444719162819,0.862983735097254,0.538095638613136,0.61614074212422,0.665748324963446,0.60289345029584,0.629144408950245,0.64509978978086,0.620774786857602,0.497702718957851,0.501735578927856,0.903338865437241,0.808751329191076,0.563561777124064,0.630439111184912,0.525191521059984,0.561316627401235,0.6216937645637,0.602326704827324
"W57",0.567839118139281,0.70946036910625,0.588391345134512,0.582600358260622,0.616894600972862,0.67449670535694,0.761160170290171,0.594808862694867,0.558681562646943,0.630382451629103,0.383232054240915,0.495785324302963,0,0.641757282298934,0.480135611610226,0.625405377886364,0.530811553821915,0.54813612270301,0.551114355818069,0.693968422206845,0.475596819225859,0.837042017372562,0.495078701534089,0.517136379067729,0.539252128939654,0.56083120106131,0.501627025674692,0.401004409938143,0.434420828520717,0.618888001065211,0.505072198459498,0.489722502483042,0.503167676786833,0.384365865491869,0.570635572363981,0.482133246252957,0.869862017846588,0.402609991061367,0.64681071095701,0.685346248830593,0.882469071148003,0.35040285428064,0.662065760117226,0.49264026083764,0.544971110620078,0.544250451374885,0.590714475515369,0.627122350499788,0.56763956020871,0.838434671868245,0.593030848816467,0.622489144586553,0.504277521586523,0.675768061694597,0.644091009684905,0.579157080389378,0.484948377846397,0.582666628436324,0.678000410697642,0.905713849411254,0.903704655967366,0.428568803868939,0.797748872576495,0.253180360655029,0.552937514466863,0.492217428975576,0.416980241374663
"W60",0.58646039727449,0.527568840458253,0.579452944567338,0.702067489205745,0.396584465488956,0.47205095931964,0.448484493731738,0.639566917150948,0.57046328985423,0.606493308543709,0.595928034851903,0.691919873219017,0.641757282298934,0,0.612530868786143,0.493758661369791,0.680593126986608,0.594001980183137,0.665257679015174,0.66793278542808,0.626258115314634,0.604297679502105,0.557349907444722,0.765599959998215,0.524222684098759,0.54936998297229,0.58929197244958,0.537942730580976,0.588627284778247,0.612898681715178,0.622982916809225,0.61081615443752,0.623576529521214,0.629894832634459,0.582345197848349,0.680719495542091,0.667080055962595,0.61068350493836,0.549081543460798,0.737153507593404,0.740647912737444,0.665868974010843,0.365270245395253,0.625406963076281,0.621825059836335,0.562754155139191,0.638565546591263,0.593360066173797,0.622244163867566,0.622329172266514,0.552497256851105,0.49902378450826,0.55985916553802,0.589236101195945,0.56931879593547,0.53327314759887,0.667688210157426,0.606843476741325,0.608146888118004,0.845251322808569,0.794645809762105,0.593462433363056,0.656276748337508,0.66222490772222,0.663124169840165,0.544248274805857,0.536262362698471
"W63",0.49981244677168,0.691808701570331,0.61218448894798,0.593001615679469,0.581335697288615,0.614612574603785,0.605818665849825,0.576351379611683,0.464074756814717,0.554231331778705,0.471944087574266,0.50151863571216,0.480135611610226,0.612530868786143,0,0.560220975505034,0.468114469616035,0.48550565912493,0.544106743594724,0.630151602553636,0.497015483087524,0.709782666139772,0.453753510303859,0.52084456226069,0.308120752566039,0.494347840100007,0.387421067946605,0.339441347702153,0.359885037832262,0.593528909681597,0.346600524675626,0.42539226077404,0.54032930413996,0.401184291558523,0.346180049795636,0.347729696029696,0.801495725630457,0.300648071514844,0.486999848317212,0.610968148700309,0.77713179835112,0.505955831141085,0.556996780679002,0.472371210459912,0.411604595229519,0.506261726268552,0.496815641336781,0.612441074174861,0.527353643439377,0.744083987633476,0.464586496429493,0.43194646663727,0.488289326377955,0.60306351814183,0.519591515437803,0.55240338231816,0.519698126318771,0.564440635799397,0.603702891532857,0.894249753425549,0.848741482015607,0.421315424233515,0.756269524136082,0.412496920717605,0.414056623495713,0.516299076726028,0.447088699860583
"W68",0.547153490200714,0.600710110596972,0.48100917896779,0.81130048370471,0.483874914814657,0.518674868816715,0.476326595878023,0.631579346010807,0.557115809894735,0.654234691558721,0.461928522307629,0.623462831637086,0.625405377886364,0.493758661369791,0.560220975505034,0,0.481207449050233,0.593467514299685,0.666179545145575,0.711838533288343,0.663172288410395,0.740970167133591,0.600293136152258,0.596942440730866,0.490511690374518,0.611904218214376,0.566660613294016,0.52787286995202,0.416492443708729,0.596259286555357,0.453208343765876,0.504206743608564,0.70206977474399,0.529876242713853,0.513630593170119,0.548752818019398,0.736733136607917,0.533046451495359,0.367404565330978,0.698135730967506,0.763540794810028,0.597856892310456,0.524791829534058,0.383768061062788,0.544820253811255,0.573176447935008,0.537248815146913,0.671360679188117,0.45039836206158,0.644409648078921,0.356289749503261,0.476313056632653,0.460779450658209,0.681867849800638,0.591972308104712,0.611685187990115,0.510989949092039,0.543059796371367,0.651910294872572,0.894479033180296,0.847482345095459,0.515286893152532,0.707147216218203,0.536042890044973,0.618553326578915,0.484200555772749,0.571456822992174
"W73",0.609262928928398,0.664046964958031,0.608128435131607,0.752798036258556,0.624226751774742,0.681998962966207,0.543719409537569,0.482365816957744,0.594492851891225,0.590820166125261,0.418625994402882,0.552675624423694,0.530811553821915,0.680593126986608,0.468114469616035,0.481207449050233,0,0.67047808932795,0.666127262279736,0.550091213515128,0.603568751692317,0.751597591649248,0.518015788429019,0.464831810019488,0.474787540535744,0.562913573343363,0.486769232936474,0.581813638909347,0.42739363129487,0.593318627427453,0.479424004354493,0.58194376086869,0.669142992312505,0.58696010110616,0.592017900055639,0.593676926949312,0.787119086610958,0.486338372754364,0.351184998004892,0.590211983356134,0.784955464073253,0.55721963645384,0.50533275505141,0.435525214683695,0.598566955357429,0.667306738047382,0.6890226366757,0.644637491593025,0.365986697086391,0.761001340010061,0.570845024551653,0.600077774717068,0.546223743547095,0.726058083642583,0.579911342565049,0.645026674638912,0.526542045651089,0.59149335208944,0.669202787409081,0.884949767533079,0.831790600212243,0.636692395417534,0.721042762397923,0.570896129845034,0.485038171508768,0.472123470952897,0.534456466895611
"W83",0.428389482790151,0.6467792799501,0.436965761407245,0.579656207778166,0.607300260837471,0.643319599242103,0.681950426986752,0.65867586931334,0.393080831201399,0.480100062181575,0.524556737197554,0.460984596614253,0.54813612270301,0.594001980183137,0.48550565912493,0.593467514299685,0.67047808932795,0,0.704494061190627,0.57852774960938,0.496193328506367,0.680166176906465,0.50323322087523,0.732141884662923,0.54661967047795,0.470884236789296,0.382317694190334,0.451660482437997,0.482844220673331,0.702442432004815,0.587276974546329,0.481111167934924,0.395203916153527,0.518610093817586,0.437610337211888,0.527291325051281,0.685314586804411,0.505644623111529,0.637217793601495,0.603194527685315,0.788687883761391,0.486577464596307,0.63766816812635,0.57566327403363,0.478321015351493,0.508441644537209,0.479721655787398,0.598579993232903,0.649440117040268,0.768898023364764,0.531180133455116,0.56431067710089,0.58747140352727,0.49654808315536,0.679922084259688,0.537523808310322,0.609773922928119,0.514033623283735,0.425802399835797,0.866767507653811,0.797530145917656,0.531807334477062,0.615110923010673,0.539424111394379,0.521702291277024,0.54422324207279,0.528297777369202
"W84",0.737147605515507,0.745500407192934,0.678882865895753,0.645950794696217,0.614677038959927,0.619186326739848,0.661885712779547,0.535085854856563,0.655945687193827,0.75593094194283,0.5412030487572,0.599554617182419,0.551114355818069,0.665257679015174,0.544106743594724,0.666179545145575,0.666127262279736,0.704494061190627,0,0.761280065541197,0.602462994543662,0.839870006116245,0.669632035186123,0.654212465475666,0.657200468380189,0.694736769223745,0.640355845931791,0.654187623128898,0.62775475227094,0.503411305980529,0.615762304179843,0.697559206861985,0.644551359391598,0.632254595886756,0.643571006714625,0.504593870484106,0.856548004590134,0.539048952884391,0.702783427647277,0.809941991094299,0.876992575341423,0.675048052620752,0.703093057233439,0.566028844976491,0.617085581212096,0.69266636664849,0.765718101246049,0.727193801314474,0.715537222254566,0.717837539033289,0.634100179515074,0.674410646328679,0.674684783218463,0.795777939024117,0.497554502302277,0.672173596495523,0.696346118962002,0.74672283668055,0.753801757044306,0.921110252121146,0.89535971377368,0.641955077341435,0.799925178302564,0.556349503227071,0.600001440945302,0.696913142378372,0.735521841651111
"W85",0.63753855348101,0.325694623313628,0.661056528086567,0.81114071197182,0.615421922990556,0.64947769919522,0.606081979740762,0.563969148305685,0.470731456890161,0.494844527119451,0.626782499604512,0.694254841823196,0.693968422206845,0.66793278542808,0.630151602553636,0.711838533288343,0.550091213515128,0.57852774960938,0.761280065541197,0,0.492095957341311,0.51428622662938,0.507658932743784,0.764794494745976,0.582808900917876,0.543614314813573,0.530871801812482,0.606261954085564,0.652816271221241,0.717830383151518,0.668157199857833,0.591588646923545,0.653612539888164,0.677254451811117,0.551084612575396,0.736690908441683,0.533587318926538,0.641102145326628,0.631192858234925,0.59039083260715,0.691223482274182,0.592186679668921,0.619580202080185,0.616407606600897,0.598216524737868,0.621647726831663,0.633792537515867,0.395153722740714,0.620182315909395,0.729227551783113,0.628083253819523,0.602177682029148,0.655978509327414,0.668260231232574,0.64366338359896,0.365783550052486,0.680531146753742,0.624180105402496,0.410796130329813,0.787669143495,0.759418877730547,0.640935656830908,0.524616577720405,0.729157312847338,0.601142650068715,0.520100373816933,0.596459773092522
"W87",0.561720701298,0.44978689876109,0.560560348938619,0.659565205440734,0.619760317548148,0.594239682745695,0.676491773392177,0.59137197121602,0.316648302353519,0.410983751994486,0.441632641894794,0.550738716127028,0.475596819225859,0.626258115314634,0.497015483087524,0.663172288410395,0.603568751692317,0.496193328506367,0.602462994543662,0.492095957341311,0,0.602378997357445,0.425927708164376,0.715078535549533,0.502446323078282,0.313553164542018,0.392095179693368,0.38799036930151,0.481823244247528,0.568030087776119,0.533864467253073,0.472761679578131,0.495656779222816,0.430437284780045,0.531319068693028,0.590024098628664,0.752355285498941,0.529661983056392,0.627227073102403,0.684066273062395,0.819772168698999,0.574178878005203,0.658607988397643,0.530644410061977,0.52364772508153,0.51394648776179,0.601483145850274,0.42581082743221,0.634061130416769,0.809047139186268,0.568319395685998,0.606365764410475,0.686792206004043,0.624425173812233,0.614901186058129,0.357176182954063,0.63290944252528,0.570213918690275,0.518048032590031,0.861705447272516,0.872551726348278,0.535035371973226,0.703647904274649,0.547858746999448,0.557108774541909,0.597488541428981,0.478995861612329
"W93",0.664512708169349,0.475339343808621,0.694670753773753,0.841810671752966,0.760990287726958,0.606798405439516,0.684036329733146,0.785525913941796,0.552351434096952,0.539410135970491,0.783607952186258,0.805236788467708,0.837042017372562,0.604297679502105,0.709782666139772,0.740970167133591,0.751597591649248,0.680166176906465,0.839870006116245,0.51428622662938,0.602378997357445,0,0.617066736938705,0.857686667615013,0.700411548135841,0.596357531391716,0.571158436581649,0.722582389760572,0.714693973373263,0.85763967497507,0.740676708029985,0.716111794141314,0.68353528294261,0.791251167983687,0.677006228700947,0.804782162469239,0.468449891155578,0.740589448198818,0.706393793104895,0.691480770601103,0.620629149700108,0.737142070674653,0.628724013438844,0.72169925655186,0.725569462812674,0.567972193973697,0.620891376325529,0.529333705301349,0.77758643923471,0.696992344044328,0.668943661744784,0.599059917245141,0.687925913877027,0.602570183642429,0.821477742090401,0.560663227057723,0.837987108147342,0.711314283200399,0.601095791511231,0.767762087475867,0.689937685649986,0.738933043026744,0.585498245157533,0.821898627208012,0.696469903256119,0.615268503111942,0.698278029360305
"W94",0.461481410323802,0.544880330898241,0.650128210740444,0.721342469299713,0.573808934639698,0.678954367279809,0.634508692253223,0.617930287598983,0.54130041536225,0.377591699301849,0.38488108792267,0.58007044404684,0.495078701534089,0.557349907444722,0.453753510303859,0.600293136152258,0.518015788429019,0.50323322087523,0.669632035186123,0.507658932743784,0.425927708164376,0.617066736938705,0,0.606418638951128,0.335610623048972,0.407704428224866,0.400161490434436,0.374035157504639,0.459392011901937,0.616708571261441,0.436444299859694,0.44740938693577,0.504706984069662,0.455287437978855,0.568501443439311,0.518893476954118,0.734530565711456,0.520186182155385,0.457621012261154,0.577366431121442,0.815215257452304,0.457037009079472,0.577054411993974,0.53424970827683,0.552529177757819,0.587645416913276,0.525622710477895,0.582184236148586,0.5785464166212,0.798791937592622,0.583526067723839,0.494873881459533,0.557871356824475,0.516846546481704,0.626216564010056,0.503869257953874,0.507099077260789,0.50838113102244,0.541748503701669,0.868883772568539,0.861406104380902,0.470169246225501,0.614591291639945,0.525858024011823,0.602710637384372,0.441388468916318,0.32924611723526
"W95",0.645423644937291,0.800359453608851,0.70142883903885,0.709101195274466,0.668097632868797,0.739387150247162,0.738723980139393,0.692310657056175,0.685800720363841,0.761877828985376,0.46652823521877,0.584950542967825,0.517136379067729,0.765599959998215,0.52084456226069,0.596942440730866,0.464831810019488,0.732141884662923,0.654212465475666,0.764794494745976,0.715078535549533,0.857686667615013,0.606418638951128,0,0.575236493127425,0.690559085490238,0.646299143249244,0.633600194561922,0.463742985441421,0.654160743293493,0.49423628788501,0.593869906989475,0.739766385270955,0.597891500556909,0.589055728518502,0.506447839706889,0.905937146475288,0.551205668075192,0.517796862074703,0.694428877353064,0.885053982043736,0.535007596041096,0.686110726796827,0.531992308079313,0.56992089476265,0.744634152570609,0.720718756369081,0.766057213706991,0.402175703147365,0.829590679287499,0.571007520767279,0.660410409580722,0.572339050045186,0.790434731329526,0.627431332881627,0.790044039329499,0.511198403826934,0.680720150956972,0.783773054560195,0.939555561830083,0.897495973037402,0.628957359424182,0.862196793962812,0.596567051320266,0.590674068406388,0.695548881639174,0.629724626151907
"W96",0.420745141795336,0.626768593154816,0.626060918051035,0.692246897744954,0.517043552975723,0.554745971116608,0.518822532974066,0.580356498060807,0.470872087242035,0.499709353013246,0.462612293056042,0.58662444162605,0.539252128939654,0.524222684098759,0.308120752566039,0.490511690374518,0.474787540535744,0.54661967047795,0.657200468380189,0.582808900917876,0.502446323078282,0.700411548135841,0.335610623048972,0.575236493127425,0,0.355244779613806,0.403836982497558,0.308820932653139,0.407870749885317,0.503768660887408,0.317584317990354,0.246155640665862,0.601091468803233,0.37463766169068,0.406508015963503,0.450003181263234,0.729073631665719,0.323678407153715,0.406145574888217,0.589747832551616,0.779964048853972,0.494997531346779,0.536567223391828,0.515227638909162,0.469121444278614,0.514469212914724,0.435383021100113,0.622950924693239,0.46956695476321,0.743886797978861,0.398346676423472,0.30639007695278,0.455227072880497,0.541338412425633,0.560835062977555,0.569145347501626,0.456575894815756,0.469192484635969,0.568184667612339,0.913281604267752,0.8235373944615,0.392608506254005,0.696273966312301,0.519050850079667,0.470681307589173,0.407156196123633,0.357844716660764
"W97",0.486940880114739,0.513373199582138,0.570094030425032,0.694703651562233,0.602784159052883,0.585737455657696,0.634600722486983,0.61572703194207,0.347033666591367,0.319358062392726,0.429306424577204,0.586555291206506,0.56083120106131,0.54936998297229,0.494347840100007,0.611904218214376,0.562913573343363,0.470884236789296,0.694736769223745,0.543614314813573,0.313553164542018,0.596357531391716,0.407704428224866,0.690559085490238,0.355244779613806,0,0.30094631209337,0.36887126847916,0.411646723303149,0.574480525522976,0.55002514167538,0.384528980723694,0.550777323564396,0.462263971513149,0.518423750037114,0.61819564926852,0.713658785176972,0.527311863899789,0.545244604965526,0.594149027238792,0.775241439204996,0.561326601579554,0.637156126745323,0.599986058833051,0.54132481371288,0.46491095703027,0.515020503465378,0.543822414066608,0.621691036377907,0.808210187056286,0.556004387180061,0.536799445903427,0.672173610474661,0.540357301508253,0.587194769732531,0.442598971970372,0.647411880515625,0.48458597594293,0.506566912413972,0.889583856821042,0.840018884366172,0.549467794355021,0.634187579738327,0.60172312857032,0.520809909157749,0.5405509810427,0.381390140557888
"W100",0.446135566089867,0.576091264577821,0.52261292320751,0.676644925304705,0.613052148646377,0.545034428101346,0.642135431629964,0.607192886890643,0.322534429714228,0.403879266532944,0.429472713832642,0.557496879656988,0.501627025674692,0.58929197244958,0.387421067946605,0.566660613294016,0.486769232936474,0.382317694190334,0.640355845931791,0.530871801812482,0.392095179693368,0.571158436581649,0.400161490434436,0.646299143249244,0.403836982497558,0.30094631209337,0,0.388064828904949,0.292176851308842,0.646353127029964,0.465333564124576,0.411999222354606,0.52701903025935,0.46036165703952,0.434375987045169,0.531329229016634,0.697525316595492,0.435877212217759,0.578875380432123,0.584863610057792,0.760951002355381,0.453110257980622,0.571821095514275,0.511202250346555,0.419175792898132,0.42726151375078,0.439020077383048,0.544607530323055,0.574438418809661,0.695742804087818,0.492581204933577,0.529001913503792,0.530827873162175,0.542264636969768,0.638761285101638,0.494547837735151,0.589782654911354,0.499205849032946,0.512363034910358,0.89384988351613,0.846271103473596,0.511387053020735,0.652980385100698,0.487905084490875,0.359139912743691,0.415906581338857,0.462260542500463
"W101",0.459960486859559,0.597871823150101,0.528020848697013,0.618747086171172,0.515332922098525,0.644373757562097,0.600550873932492,0.627987422546418,0.384945582118385,0.484283503053056,0.423604739997526,0.526168993321981,0.401004409938143,0.537942730580976,0.339441347702153,0.52787286995202,0.581813638909347,0.451660482437997,0.654187623128898,0.606261954085564,0.38799036930151,0.722582389760572,0.374035157504639,0.633600194561922,0.308820932653139,0.36887126847916,0.388064828904949,0,0.365888649371758,0.561964121928931,0.392628126506206,0.294106921410672,0.526923128287295,0.264236193189614,0.419332369996518,0.446816997293285,0.793148948709437,0.363280597150529,0.482181012076975,0.602149794397491,0.782026307777572,0.509369183750171,0.593250166850101,0.453260576243521,0.48451705935114,0.464732710632559,0.448050445620398,0.532412593283692,0.590290003367402,0.754946663135921,0.441182940015072,0.457814995989308,0.541174999094949,0.523957418847206,0.57646156376401,0.395126805132981,0.531040210661655,0.479456468610344,0.554233600723379,0.900183276342413,0.841322713378711,0.341067880184211,0.729377875096945,0.394523303683189,0.546700726854842,0.490002015526239,0.366052404182438
"W104",0.401687937184077,0.65314719538436,0.47586799863586,0.633309797759971,0.564768658591001,0.57144152141321,0.638827655551051,0.650389908321076,0.401691948605605,0.556751213951486,0.273896201506997,0.449143274125084,0.434420828520717,0.588627284778247,0.359885037832262,0.416492443708729,0.42739363129487,0.482844220673331,0.62775475227094,0.652816271221241,0.481823244247528,0.714693973373263,0.459392011901937,0.463742985441421,0.407870749885317,0.411646723303149,0.292176851308842,0.365888649371758,0,0.619632801020649,0.401245691384995,0.410301230955625,0.573543278800904,0.409215624080276,0.487120975393954,0.507843279737188,0.764186262157057,0.391813582742414,0.44847692776355,0.589378991174665,0.779759237968961,0.439219335645433,0.55824022195588,0.338961990984952,0.439599025259019,0.483409510619531,0.422760502658238,0.555951629995299,0.469439049804258,0.718705895103429,0.343607395632556,0.483568966487311,0.481686155291348,0.623664761186481,0.585896562100642,0.532432825378054,0.544329583357286,0.529614376278288,0.567104371436822,0.92110053100023,0.861114011531725,0.38597514134384,0.725155075486321,0.391450273521581,0.49356214880891,0.456713597467423,0.457432709009341
"W107",0.709917889248792,0.715880886496224,0.73561704333251,0.744795736988281,0.531859650583054,0.659229405455103,0.585658359463891,0.453827178613758,0.635927028560519,0.668973482481175,0.618199400202967,0.718855057487688,0.618888001065211,0.612898681715178,0.593528909681597,0.596259286555357,0.593318627427453,0.702442432004815,0.503411305980529,0.717830383151518,0.568030087776119,0.85763967497507,0.616708571261441,0.654160743293493,0.503768660887408,0.574480525522976,0.646353127029964,0.561964121928931,0.619632801020649,0,0.481259996684653,0.526436519056227,0.691712780159595,0.504743776300119,0.646565527348612,0.530323037901623,0.856436450206845,0.562017383472026,0.560208889109811,0.731852900487977,0.852944526347928,0.669784333524771,0.612746655852078,0.642210824890554,0.640448830674402,0.743836146841234,0.724748855883487,0.677893980600884,0.59131080216957,0.750993478614628,0.614684581274031,0.67292083852925,0.662027605474512,0.739194741622841,0.390057948278815,0.638944078453111,0.595883031785339,0.684375997017749,0.705434893045837,0.933077847496329,0.875928768283138,0.66320365161681,0.787114058685099,0.6770859898085,0.635595297322572,0.706231905561136,0.634175174006619
"W108",0.475031579881826,0.649000552412146,0.614385262964383,0.718853807459894,0.597492677922754,0.607346172870867,0.574739131610085,0.59036086093825,0.49315749542595,0.626217281288927,0.47173866274676,0.563325965851443,0.505072198459498,0.622982916809225,0.346600524675626,0.453208343765876,0.479424004354493,0.587276974546329,0.615762304179843,0.668157199857833,0.533864467253073,0.740676708029985,0.436444299859694,0.49423628788501,0.317584317990354,0.55002514167538,0.465333564124576,0.392628126506206,0.401245691384995,0.481259996684653,0,0.398305709122577,0.592980774039901,0.390465862730185,0.4688659229492,0.377537713124284,0.792780923878712,0.333968148059206,0.455350670533248,0.589798358197906,0.793096804169583,0.486039020285233,0.499397763384341,0.467871830101806,0.437628354628366,0.569372888591253,0.479510011756782,0.629015513247805,0.401307932658488,0.685690486824898,0.40104123088458,0.380540648408154,0.389197794351587,0.648009324789567,0.527627986697486,0.600426491273877,0.387697251335159,0.495762533859175,0.661847501970036,0.92772660631282,0.83479413078765,0.385079639811979,0.73148200893678,0.453987187497161,0.430130488715226,0.456414005692904,0.455616588537136
"W109",0.4712444458191,0.622768194776659,0.627430469428635,0.722513584681056,0.57608101838791,0.603514453440699,0.613486203690696,0.599393602335319,0.384000918851527,0.511726189055082,0.491651895696958,0.616886536263932,0.489722502483042,0.61081615443752,0.42539226077404,0.504206743608564,0.58194376086869,0.481111167934924,0.697559206861985,0.591588646923545,0.472761679578131,0.716111794141314,0.44740938693577,0.593869906989475,0.246155640665862,0.384528980723694,0.411999222354606,0.294106921410672,0.410301230955625,0.526436519056227,0.398305709122577,0,0.537419066497493,0.285937343151828,0.373693561592547,0.470851560330374,0.760316718017617,0.417282674928974,0.491402894287321,0.605514056527956,0.79575029908957,0.455621763258404,0.60156845160914,0.460865373698808,0.422661053700092,0.412131332992713,0.359807703977586,0.571716757455873,0.489398800886371,0.77394815034482,0.455798667575253,0.425041405715241,0.527449149763502,0.531695572177277,0.586109472489374,0.53390301024787,0.481589749915862,0.49692251890206,0.576248967401498,0.91537079209632,0.817440143585796,0.342189163945896,0.720689351710275,0.494310579325587,0.487184243438935,0.460130594464863,0.471295781872081
"W111",0.44944438622024,0.636462696256366,0.585078798453782,0.537117708676101,0.721966783677704,0.717544867948329,0.773861515929271,0.658873327304396,0.536308210044679,0.545192217923347,0.557971555975587,0.305862841425697,0.503167676786833,0.623576529521214,0.54032930413996,0.70206977474399,0.669142992312505,0.395203916153527,0.644551359391598,0.653612539888164,0.495656779222816,0.68353528294261,0.504706984069662,0.739766385270955,0.601091468803233,0.550777323564396,0.52701903025935,0.526923128287295,0.573543278800904,0.691712780159595,0.592980774039901,0.537419066497493,0,0.533499783502084,0.580602189254801,0.551421371923731,0.649232530936147,0.535108063990136,0.653129243077832,0.657366152095496,0.793438596334894,0.509794345732847,0.644470058634705,0.614247075773866,0.573449445244198,0.528276885772657,0.630914105173828,0.608548323263942,0.694181662340534,0.834473059073553,0.665759338857067,0.62729951123526,0.67271408953889,0.459477670534557,0.689271206252721,0.582871518360426,0.624326071802759,0.510250869400587,0.454672802963245,0.857299920234545,0.768305002785667,0.532481238116599,0.581837723268837,0.539620913257435,0.590953766922615,0.605716759426895,0.608735239287814
