"","W1","W2","W4","W6","W7","W9","W10","W33","W42","W43","W52","W54","W57","W60","W63","W68","W73","W83","W84","W85","W87","W93","W94","W95","W96","W97","W100","W101","W104","W107","W108","W109","W111","W112","W114","W120","W121","W122","W123","W126","W127","W139","W140","W144","W150","W152","W153","W154","W164","W170","W181","W185","W187","W188","W189","W197","W221","W227","W228","W247","W251","W262","W265","W269","W280","W282","W318"
"W1",0,0.190600602227776,0.236847657849177,0.374205315385349,0.249074715697923,0.220137800447255,0.186576822028977,0.32283708114077,0.229706255259088,0.264465341713709,0.237963675327399,0.252891836277638,0.293620701661225,0.252317612665186,0.200895197444199,0.267973830741422,0.259825434380569,0.196686088258181,0.295282605355734,0.290617658893912,0.27478257595154,0.211804330716955,0.271088329790069,0.363508155393055,0.256519284518687,0.303969338898342,0.313779325634463,0.27550547896631,0.263973506043287,0.291680127684701,0.341517438909817,0.269830598030795,0.275867097635088,0.270302673694963,0.190404594767447,0.326843696267211,0.196616577234115,0.24156035826395,0.315821743086339,0.308351189719467,0.227099894530653,0.296650549744242,0.238812154010923,0.230495672288001,0.214605217120664,0.253445893727753,0.256000589139596,0.175258113447861,0.270699645846215,0.281125421764769,0.23529820603177,0.220554308805146,0.225270204127865,0.235396788496482,0.240312644660827,0.230485400942068,0.243674105867619,0.20229939712864,0.142403670179359,0.371620893785152,0.385412322029275,0.188187822928693,0.164841965357032,0.305828264392809,0.25737556452674,0.245053479509963,0.313250234052148
"W2",0.190600602227776,0,0.241156827573133,0.370094545415769,0.25248588780157,0.218503471891217,0.20634157097407,0.301668526298681,0.22262288078806,0.253494362318602,0.217082771130475,0.25995940298541,0.187476767452164,0.215928472999434,0.236729549019887,0.30109764856173,0.291918390922685,0.215844225092058,0.319798099458394,0.286729955774799,0.24012285807064,0.179224067855965,0.234115635489886,0.303511837979093,0.27893467565501,0.274281346840779,0.287930072246993,0.242935459889433,0.266173753789937,0.228241511238159,0.327747040724382,0.221510343098114,0.340846589190766,0.23155879931407,0.212599052810783,0.327743771402145,0.262251885270218,0.274194520455108,0.266148704535521,0.28023961511918,0.25749161817853,0.327414150035173,0.292243130688142,0.238688418218228,0.253413949155243,0.270733821472544,0.278987647239018,0.193985316201652,0.314187429774056,0.309193055960829,0.278800038590814,0.233425950005389,0.258412139583794,0.280425640210485,0.245701710503626,0.234748445891089,0.270995788321204,0.224538915896796,0.213185615786518,0.337226992641841,0.360272933537239,0.167358713391515,0.180926317660162,0.309614851809567,0.218364844427452,0.181512237584735,0.24977109299986
"W4",0.236847657849177,0.241156827573133,0,0.449480332511659,0.251969532686388,0.186685648403664,0.228900552508062,0.315622296203831,0.281526889595084,0.286220632441457,0.292967469160014,0.300241118842777,0.29848496580209,0.21636226428201,0.265460719427945,0.267280726241872,0.258016199524913,0.269417019009386,0.315247002168701,0.312197056105083,0.348762297766543,0.264444361098343,0.359883226994425,0.409430856647817,0.299162125530343,0.313483912002107,0.311283977305198,0.31250286063835,0.257568016742918,0.287128638972098,0.345869242342771,0.263084869584115,0.348602968324822,0.299842278680139,0.298604395997452,0.385449300489742,0.28045093300054,0.258012924283654,0.267810672489626,0.294653246773517,0.322408798666283,0.320947318531858,0.295237271436473,0.20931848783001,0.249845664711395,0.214625534007174,0.211163337929411,0.244526177673886,0.267743342650874,0.241577993261578,0.280178950103268,0.217584422814134,0.226266229338364,0.236121280938953,0.221903970218751,0.260046049903409,0.294845828089191,0.265388706222557,0.25416426610764,0.409304998790548,0.422972089156122,0.252471079602106,0.285476182181511,0.321037493591901,0.281101717169614,0.28485242965297,0.313136698522306
"W6",0.374205315385349,0.370094545415769,0.449480332511659,0,0.433304439379946,0.430766089435527,0.400872388018341,0.267836985556524,0.372055970763584,0.374866629858265,0.366607560773001,0.322380459702319,0.279477155716154,0.421516045721358,0.385394839498546,0.425799504417589,0.37633940337946,0.33525875166793,0.426212884976458,0.298698879147438,0.385810669980385,0.420820081276499,0.385559813533246,0.345300139294797,0.413948204661253,0.37572774209311,0.398155178748482,0.376549570060347,0.463358227354305,0.359667756626213,0.36792872054011,0.424404649901098,0.275731230563362,0.351124038929918,0.319169898814476,0.36865887440002,0.354748296487562,0.447588819238979,0.421814342401228,0.452872834337193,0.376413034655358,0.259560372586174,0.418602191342552,0.446762682668077,0.440276370048416,0.49286247196826,0.487917092051377,0.394256608329821,0.344653450492238,0.482138317946038,0.415773816127336,0.45754511921811,0.43780106428513,0.436660178147754,0.440232760309864,0.419954969415557,0.306722166073947,0.395956960459722,0.408615763215191,0.326365588014884,0.374622762330609,0.397630426611184,0.348188538745033,0.305718079774447,0.363552083469724,0.359401537355608,0.356408286880034
"W7",0.249074715697923,0.25248588780157,0.251969532686388,0.433304439379946,0,0.18110411344854,0.206348520610091,0.298355282541307,0.243620953149887,0.281584345370087,0.265561097292405,0.309793310689299,0.288509962352707,0.219082798908814,0.257355252511198,0.220707503624859,0.278424645836039,0.263356125151066,0.313173466904838,0.331018069054467,0.305831178546232,0.217811879442803,0.238376433157441,0.330547716030817,0.240277174033574,0.290794294528553,0.256030650994562,0.236268449643441,0.180489585901218,0.279238278256851,0.278203520632854,0.196836886284627,0.299760477058076,0.280108272311696,0.29709500434729,0.349043700434189,0.255661418868535,0.23067591204108,0.307347869546609,0.29575413931199,0.275059546879087,0.373121189848646,0.215545978647656,0.227562493696913,0.236149789268825,0.22862679514959,0.200109187010218,0.256633465729485,0.299638079683851,0.225082537790384,0.239863077457006,0.197746001244094,0.220062533103936,0.249339386973611,0.191866686177995,0.214151674342884,0.30766441424112,0.192153113153329,0.234323060809654,0.372526640862883,0.357816806655977,0.215751522527271,0.253385124256251,0.348615673963344,0.256080671479847,0.214655988778286,0.301770446973801
"W9",0.220137800447255,0.218503471891217,0.186685648403664,0.430766089435527,0.18110411344854,0,0.152938918957243,0.315591722351762,0.250061304745645,0.225597651914148,0.240921644063621,0.326198273593816,0.280890328770991,0.223074823127262,0.241939506928007,0.203414080064628,0.28424717096701,0.268961495389802,0.282891302567971,0.322946884947059,0.296401368221655,0.196622826231325,0.261166382081905,0.310012046725967,0.234385073865395,0.315513408405013,0.262884524000043,0.219775700233521,0.198935980096442,0.27651279016861,0.307714575663317,0.175629789437963,0.31703051116388,0.244326458446858,0.290757006990826,0.364120809479998,0.262888760481794,0.210484613876667,0.240967965025354,0.308873784339324,0.272176868852977,0.332779653164373,0.208963053978863,0.13945554420019,0.170846300097242,0.166975759829811,0.156211460515917,0.217512101593041,0.311627910619229,0.190534886537331,0.228991820866437,0.116218728697589,0.131862537453529,0.229629149028525,0.143323590816816,0.17291872917205,0.261369680104553,0.209121299053744,0.195189191774181,0.393881741350959,0.375073538162317,0.14994685945761,0.249185840831863,0.352650563444904,0.240216611946306,0.194529533198159,0.295122815348127
"W10",0.186576822028977,0.20634157097407,0.228900552508062,0.400872388018341,0.206348520610091,0.152938918957243,0,0.309253428111443,0.228427419693032,0.288298120732084,0.262856662385228,0.273857034730944,0.295059593574523,0.186739257787357,0.223803131201092,0.219570230877222,0.271994325400788,0.201714770814751,0.278917690342012,0.329897615031146,0.274934154136971,0.167192252198173,0.241780096122172,0.336506912773858,0.2455563578736,0.331376838675172,0.241164752483653,0.254081004827201,0.216786745922071,0.282019077165995,0.324411913159979,0.24178392568301,0.327695248423029,0.268018793381872,0.25464286216581,0.356483635101263,0.267481581054238,0.198547590609677,0.283261014952066,0.315452007780268,0.27759522591888,0.366465804297842,0.184534173216225,0.178134741540338,0.183825905505617,0.180635995857779,0.163767050545498,0.18702205227578,0.330133715624983,0.177072367336426,0.168800329821659,0.128899516635228,0.119542196991483,0.190498404294456,0.155802908418464,0.11781209375714,0.302125383660747,0.175510453297333,0.178896123762777,0.394484899089143,0.388006924914938,0.149529295615601,0.216754069855004,0.351246959673565,0.270613728797727,0.195195575546112,0.315267851770505
"W33",0.32283708114077,0.301668526298681,0.315622296203831,0.267836985556524,0.298355282541307,0.315591722351762,0.309253428111443,0,0.182028831952333,0.29463865895235,0.250305406176135,0.308046293963794,0.218771906096984,0.264356179356731,0.196884680796463,0.309680136129732,0.221125687043513,0.202548785639176,0.291358439723095,0.18521208860911,0.341764309654576,0.345352670924635,0.338594026820853,0.359527498520424,0.299951302275886,0.349004883305331,0.328920393318272,0.360884470996456,0.311637301576625,0.28638316638471,0.31712931260716,0.335780927779088,0.186650960115352,0.281483196341555,0.201708173374356,0.315585990411318,0.210779624990717,0.310034766032367,0.358158638007424,0.430545985270243,0.372213502466286,0.217262121881598,0.268481165627136,0.330953152510392,0.324954234420183,0.369245055973163,0.328093603527443,0.261473760329888,0.203918641708105,0.348726300198009,0.286345012350864,0.308832029700319,0.306836343351421,0.307752529911231,0.270788472558196,0.289331815553748,0.276693869602759,0.316251209124812,0.303687202383822,0.354211857566383,0.409479288465653,0.300945780990663,0.301701931048509,0.334840468860503,0.329804241125781,0.294530121138799,0.344362613954071
"W42",0.229706255259088,0.22262288078806,0.281526889595084,0.372055970763584,0.243620953149887,0.250061304745645,0.228427419693032,0.182028831952333,0,0.24485641192832,0.222340898551582,0.238692202840504,0.252164327222491,0.151714903796734,0.146801512104626,0.222793919056684,0.218845796941209,0.107204691956516,0.274903813156474,0.194908595399018,0.293078281764267,0.256530881746502,0.267594116656488,0.348473673197521,0.233525139402867,0.306916270383171,0.287770507319509,0.307036913855626,0.239411298867399,0.27516388345652,0.306702599763686,0.301921995473741,0.225052078920203,0.262948297481124,0.148898146911862,0.290528408373967,0.125022062989183,0.235802647015357,0.279638218005227,0.388159539956659,0.305483465407887,0.286799999820099,0.19812214727798,0.229401900910889,0.240125463423104,0.25100264300954,0.23215097804928,0.147314512038273,0.24011898000782,0.269295775330994,0.197332804718067,0.181815152211311,0.21307540732679,0.23138874510596,0.229051294292523,0.200882813499959,0.25085132783862,0.24878388583611,0.20306704078331,0.380748907188511,0.418275270940926,0.190217003368231,0.214916526440177,0.348179748995439,0.287594625089773,0.217813704553586,0.30767898970802
"W43",0.264465341713709,0.253494362318602,0.286220632441457,0.374866629858265,0.281584345370087,0.225597651914148,0.288298120732084,0.29463865895235,0.24485641192832,0,0.190668010690788,0.31362444176573,0.234121124195175,0.258348021860376,0.260322435609065,0.293641516916656,0.287466872850418,0.281124439221166,0.282483877553183,0.275714142435496,0.336798543775884,0.271450781144654,0.265609346420522,0.367211722023605,0.297208227074487,0.295330041666986,0.311279332339359,0.26277676152912,0.235436415436968,0.240301954308609,0.32733702403965,0.271696081057277,0.27006799059387,0.232098376219773,0.295749897777988,0.308558167781268,0.266359201449441,0.327842744122105,0.24524510853542,0.34136622661685,0.232015394086637,0.310437554159122,0.302527077471489,0.282051258091867,0.284580039588654,0.268972976902441,0.281156622806673,0.245667108701281,0.307492749905344,0.311656118492749,0.290290559497541,0.252199243323375,0.251867903474956,0.308451173428016,0.248445325829801,0.266268603158701,0.23736025538644,0.279806389103008,0.280482082732072,0.298593529580954,0.346705300769323,0.250410752208852,0.257339430122378,0.341518852620802,0.274175318004064,0.273478979931235,0.297122637968921
"W52",0.237963675327399,0.217082771130475,0.292967469160014,0.366607560773001,0.265561097292405,0.240921644063621,0.262856662385228,0.250305406176135,0.222340898551582,0.190668010690788,0,0.327499997695578,0.19684971080411,0.262561006401317,0.243575273607508,0.304332641003654,0.274013046731363,0.227530234608895,0.318374429228093,0.240020003087991,0.280420807676518,0.249229420660944,0.226387387773776,0.297995853254758,0.246610108223016,0.202634161480122,0.307195317242029,0.197337782316244,0.249116721909803,0.20034106716267,0.283259831599146,0.204941420497215,0.236697710099799,0.210691982595756,0.276301824124809,0.253338626995338,0.241061622422178,0.315253457787463,0.303338724911222,0.334928600376833,0.226573213779669,0.231168361271438,0.289842840697868,0.256015599372276,0.29926233347061,0.30734401861331,0.281768975012932,0.275937121440433,0.248019482512161,0.307699000351269,0.309975499790928,0.265595827138116,0.244370132001719,0.298442254081886,0.260400098766909,0.274295772652524,0.22942850616615,0.207960844517203,0.269217902396622,0.262484082267288,0.336118427146925,0.20834031629707,0.223499574639039,0.289775115198641,0.221579724092731,0.249214633078834,0.277912436787052
"W54",0.252891836277638,0.25995940298541,0.300241118842777,0.322380459702319,0.309793310689299,0.326198273593816,0.273857034730944,0.308046293963794,0.238692202840504,0.31362444176573,0.327499997695578,0,0.253686963753177,0.23010681361166,0.292197201299976,0.265144776994511,0.244825490617199,0.231415689884548,0.31991836007478,0.244927831880695,0.24276164887044,0.311210713216732,0.322711173676415,0.338470544856425,0.277487707801038,0.294987006945873,0.314348290890494,0.335580165015348,0.319598134359051,0.286941223644034,0.296395806531036,0.359609444084735,0.266547038052292,0.288615231278378,0.236183846826965,0.308569206695725,0.268524115766324,0.251764357340233,0.289750176501075,0.368624213833877,0.341649487483269,0.30470131413229,0.293979172147496,0.295007239196466,0.263173092064904,0.304795139152809,0.351260432435668,0.257640166789126,0.266806398528693,0.363340507964151,0.311710579447663,0.338144657590263,0.308126521290431,0.274203165697074,0.330613143600226,0.298154351433287,0.3174604748131,0.287349333615208,0.261637588034946,0.396503562021596,0.408350550943574,0.298480788464235,0.278451224009077,0.30971211850194,0.299146874224449,0.275908919211841,0.31143220959145
"W57",0.293620701661225,0.187476767452164,0.29848496580209,0.279477155716154,0.288509962352707,0.280890328770991,0.295059593574523,0.218771906096984,0.252164327222491,0.234121124195175,0.19684971080411,0.253686963753177,0,0.253667371403372,0.25797177366193,0.308356715767998,0.256387198990729,0.262271904132078,0.331362811323187,0.23756121855992,0.238247951629196,0.266815611991706,0.239026462203587,0.308245890245269,0.277345185653472,0.241477958076411,0.256202642672966,0.254395784177592,0.297372250201238,0.188278892765311,0.290830866495504,0.281876411854158,0.298147622794601,0.188973847906706,0.271957839685424,0.283688832781837,0.307312698250191,0.330964658271148,0.272393751299029,0.311797537472906,0.260316233181321,0.292398162095804,0.291329010179938,0.317460117679066,0.305444656989572,0.352446392498528,0.325635460659104,0.294196625812384,0.280207713580437,0.377693532334553,0.325296241781998,0.317276665764873,0.301682727936773,0.356903032017223,0.281922923055869,0.274828811557952,0.302142249517917,0.280653410296181,0.312385428509843,0.31077113989363,0.347849757476172,0.267469778706575,0.248071181366961,0.276062801647206,0.230231366941123,0.243065031897743,0.218821328949533
"W60",0.252317612665186,0.215928472999434,0.21636226428201,0.421516045721358,0.219082798908814,0.223074823127262,0.186739257787357,0.264356179356731,0.151714903796734,0.258348021860376,0.262561006401317,0.23010681361166,0.253667371403372,0,0.171483061440111,0.161307307434954,0.212553069460974,0.20047971977555,0.236327419790692,0.257807556724053,0.273431719237099,0.206484166314067,0.292021840902307,0.387545308787901,0.230495016289252,0.268145052083376,0.24127709260068,0.286284717624633,0.17533712473494,0.208363060006594,0.340452903787425,0.300265864076245,0.316999328319462,0.26958524925375,0.259500332756223,0.280420904483161,0.211447235720068,0.222918231690195,0.1969343935009,0.333368162331193,0.306837709520557,0.342091541310723,0.225044234098428,0.196081878514159,0.220070384441529,0.19826642694666,0.206141102535607,0.199352493116109,0.286790365429465,0.244262093430437,0.234560466144496,0.176342069003894,0.198016450067455,0.228561623560981,0.200378495097562,0.171938846870723,0.322293651449075,0.274535443963686,0.24326721633647,0.392075412982546,0.428295655226546,0.217249934821286,0.244712000077241,0.355437403671458,0.308446069781827,0.224262105387917,0.29912922583172
"W63",0.200895197444199,0.236729549019887,0.265460719427945,0.385394839498546,0.257355252511198,0.241939506928007,0.223803131201092,0.196884680796463,0.146801512104626,0.260322435609065,0.243575273607508,0.292197201299976,0.25797177366193,0.171483061440111,0,0.241207765319544,0.202780050373728,0.195686295567483,0.222400508244866,0.268818581847863,0.279093523932228,0.226438899818604,0.28488801775508,0.368987255244486,0.226488627494679,0.317978400068022,0.296347364447313,0.304224482657602,0.221449648450418,0.265789474912653,0.333210603783527,0.291463475240424,0.27408479662513,0.253695002746411,0.192203139641312,0.279878238739481,0.191482982807622,0.211243821766219,0.272315484642473,0.359806032330777,0.29065844703574,0.316819923312688,0.193061321575707,0.233447885471568,0.236699546306011,0.275924706420956,0.238982445994242,0.169667173446192,0.255010244442168,0.274002391954369,0.191522515125805,0.192056584046812,0.225966453110873,0.252720344524725,0.176370538010783,0.193462608178134,0.238222385457377,0.303690057284882,0.196347394376491,0.406907302409222,0.435993673465993,0.221709908013457,0.210348690782839,0.342463660516471,0.326731775348945,0.265588411572835,0.331676143467887
"W68",0.267973830741422,0.30109764856173,0.267280726241872,0.425799504417589,0.220707503624859,0.203414080064628,0.219570230877222,0.309680136129732,0.222793919056684,0.293641516916656,0.304332641003654,0.265144776994511,0.308356715767998,0.161307307434954,0.241207765319544,0,0.221371221530298,0.27133204386085,0.218232410890915,0.276701228487089,0.252118469231789,0.243988647574454,0.312127696972976,0.341480887496481,0.205665025139057,0.311942956649801,0.247951579154193,0.27539551882585,0.194605156189405,0.262413652399317,0.304077683163762,0.272880035707461,0.310384583749716,0.328042344223992,0.317690404262101,0.29529655716067,0.271458122963407,0.225300403138886,0.199329955752803,0.323003721896708,0.341755539991243,0.337635084093984,0.213704823086174,0.19739376536502,0.18087412726543,0.230488914169109,0.227828146565618,0.247167611165788,0.289706804207372,0.246045281307649,0.210013288685697,0.198169182448805,0.198202217655879,0.203817316404187,0.218036673901478,0.220483034625643,0.293871968429488,0.272775052243719,0.262659081444432,0.417206875334397,0.41290081894383,0.233253445008134,0.318279512013218,0.388015236341309,0.315693712895262,0.234103569354181,0.285637398950236
"W73",0.259825434380569,0.291918390922685,0.258016199524913,0.37633940337946,0.278424645836039,0.28424717096701,0.271994325400788,0.221125687043513,0.218845796941209,0.287466872850418,0.274013046731363,0.244825490617199,0.256387198990729,0.212553069460974,0.202780050373728,0.221371221530298,0,0.259481552396933,0.245825724484674,0.201215362654458,0.242562023959348,0.333837617394344,0.290407635869353,0.342425239004381,0.19325919160921,0.270391924448432,0.25896919666911,0.300736267308339,0.202918319622863,0.238827510017881,0.277522276426965,0.303900126887815,0.249300175817893,0.243184938985178,0.247315917704895,0.263206669693791,0.272487658044761,0.229021904628301,0.266682898570867,0.36660366917915,0.332020441317051,0.260702811857702,0.273237028023868,0.260910030002534,0.260711883128284,0.305209915019064,0.321453891513486,0.237829998300735,0.179715861378902,0.322534150910413,0.253006396500189,0.278579219082139,0.280215633122887,0.275651471103811,0.278119192334238,0.282779519859981,0.261680931597026,0.287519165878975,0.297454705298972,0.422172372047966,0.467699511963913,0.280111486760769,0.316852725084586,0.305950353499969,0.343842820056122,0.319793896640011,0.302778883102388
"W83",0.196686088258181,0.215844225092058,0.269417019009386,0.33525875166793,0.263356125151066,0.268961495389802,0.201714770814751,0.202548785639176,0.107204691956516,0.281124439221166,0.227530234608895,0.231415689884548,0.262271904132078,0.20047971977555,0.195686295567483,0.27133204386085,0.259481552396933,0,0.310936213798362,0.213387178527409,0.286690346617197,0.238216984876296,0.28017119593802,0.361500745681249,0.268521954623181,0.328830400497021,0.289331455329415,0.313669729004601,0.274391755988059,0.304341083412334,0.32460682474327,0.310912207786085,0.203350806800727,0.26122848739121,0.126739414663283,0.329078351192818,0.132195643528651,0.240426245445209,0.32163318468604,0.369433873504107,0.28519164998069,0.268644384293154,0.236185788985176,0.246590645998158,0.221194784771811,0.267982720648778,0.261643091396589,0.172401810719461,0.222909729493328,0.28662912493473,0.232779676674218,0.224129947694722,0.233421514761235,0.209938119338066,0.248956032899386,0.216015410964373,0.275278532136343,0.207863702281525,0.178070577581349,0.38498145693807,0.423863598210229,0.201755346024387,0.193697292437441,0.326879931874322,0.277561581901198,0.211249456519959,0.322305133517079
"W84",0.295282605355734,0.319798099458394,0.315247002168701,0.426212884976458,0.313173466904838,0.282891302567971,0.278917690342012,0.291358439723095,0.274903813156474,0.282483877553183,0.318374429228093,0.31991836007478,0.331362811323187,0.236327419790692,0.222400508244866,0.218232410890915,0.245825724484674,0.310936213798362,0,0.321841909634101,0.299127292351042,0.349979733896613,0.366272782038413,0.401332135612493,0.269211231831797,0.352380733903009,0.32347057160288,0.346240022247725,0.239120348437114,0.246034130840248,0.301161846720485,0.332495770261967,0.333152093073903,0.298305433957681,0.33691087082514,0.259516826730608,0.326586787649201,0.239459326777928,0.190662459614001,0.380327610460837,0.334430428487698,0.360041316666255,0.288989671400491,0.273241510644915,0.242012151172642,0.289848773973059,0.300945905045337,0.301987943652204,0.327385867586834,0.330758422666504,0.283262691317381,0.291914051224232,0.295096383675402,0.298239995665746,0.287155200269965,0.294897468694906,0.314675909675349,0.368242283046892,0.311755117677191,0.400104556884071,0.464968529390805,0.319463229276696,0.354421481781495,0.384950373850174,0.401205154360977,0.355179379795993,0.391835792543844
"W85",0.290617658893912,0.286729955774799,0.312197056105083,0.298698879147438,0.331018069054467,0.322946884947059,0.329897615031146,0.18521208860911,0.194908595399018,0.275714142435496,0.240020003087991,0.244927831880695,0.23756121855992,0.257807556724053,0.268818581847863,0.276701228487089,0.201215362654458,0.213387178527409,0.321841909634101,0,0.270187301055193,0.359546071856366,0.332254998612944,0.376965756198382,0.254805508414651,0.307339214735426,0.280515883986497,0.346540658162204,0.299329523773878,0.272884490968415,0.305631366272813,0.348637681472427,0.207816124215067,0.311488746781041,0.213838080686604,0.303435032115167,0.216181404930917,0.314998941237895,0.319659356174821,0.398888013724409,0.352291916369261,0.165022008988488,0.310583343875842,0.287714697286936,0.297016831890229,0.318570787707924,0.353454113018299,0.257401329828567,0.197027470517771,0.378414842503575,0.313501073063652,0.331424308256395,0.306168921810849,0.273092309780966,0.320743632082343,0.320891701816049,0.243159121170133,0.305231058128824,0.318473868294467,0.380239193961567,0.399004628611252,0.302175993868461,0.282704087286558,0.289374924220138,0.2867447708756,0.287680109502284,0.283288364302011
"W87",0.27478257595154,0.24012285807064,0.348762297766543,0.385810669980385,0.305831178546232,0.296401368221655,0.274934154136971,0.341764309654576,0.293078281764267,0.336798543775884,0.280420807676518,0.24276164887044,0.238247951629196,0.273431719237099,0.279093523932228,0.252118469231789,0.242562023959348,0.286690346617197,0.299127292351042,0.270187301055193,0,0.266129012734589,0.211393294821634,0.266824037790991,0.146965983575882,0.236671491495661,0.239442448460578,0.247068522772533,0.228801439457781,0.213944236891806,0.229978944496051,0.25562511747935,0.334293598744493,0.239939538226049,0.299877932646349,0.233948705569057,0.328247671041051,0.236645768975273,0.296647470691373,0.271916528133001,0.299749986035033,0.322814571026896,0.304379828874931,0.27631605122585,0.24674516234997,0.325759274630824,0.347031363512516,0.306527489616037,0.270779986559947,0.400242657983462,0.303898195618724,0.326392138793453,0.315025900640685,0.308623838328156,0.327172175748838,0.290612268019987,0.350324206587304,0.265416238968741,0.277852718593249,0.383267433982134,0.376028423263464,0.27831283516647,0.311611140242659,0.307052065993728,0.277856774857797,0.277468406741863,0.267407032109593
"W93",0.211804330716955,0.179224067855965,0.264444361098343,0.420820081276499,0.217811879442803,0.196622826231325,0.167192252198173,0.345352670924635,0.256530881746502,0.271450781144654,0.249229420660944,0.311210713216732,0.266815611991706,0.206484166314067,0.226438899818604,0.243988647574454,0.333837617394344,0.238216984876296,0.349979733896613,0.359546071856366,0.266129012734589,0,0.208556495867299,0.321775709346884,0.232328434170486,0.262357502240475,0.23534525958198,0.213207724140653,0.205271866829129,0.273022201695831,0.337968359834378,0.219476148343165,0.365433582919735,0.28326100294354,0.259624134313846,0.349016219308351,0.25705366976584,0.231178423667903,0.289306626197461,0.264406562176645,0.252262913502954,0.382928852380556,0.218094007448563,0.201549678638633,0.223244624838803,0.233633703051778,0.197205683794615,0.21265319040768,0.344222662725612,0.256322829649745,0.234795012317534,0.158606785450092,0.188993745892166,0.225248429396745,0.172643322966426,0.171637882656731,0.321195350013187,0.220256906225795,0.17192142992571,0.37263175474185,0.352649079886675,0.156768438586079,0.1886712940925,0.351505701292842,0.222559408041318,0.179945299615588,0.233154737043152
"W94",0.271088329790069,0.234115635489886,0.359883226994425,0.385559813533246,0.238376433157441,0.261166382081905,0.241780096122172,0.338594026820853,0.267594116656488,0.265609346420522,0.226387387773776,0.322711173676415,0.239026462203587,0.292021840902307,0.28488801775508,0.312127696972976,0.290407635869353,0.28017119593802,0.366272782038413,0.332254998612944,0.211393294821634,0.208556495867299,0,0.263252101401258,0.175281149439124,0.226855136455909,0.181588000033725,0.18293879217498,0.231655613465119,0.240011653330405,0.227862229331943,0.186924612012689,0.332823491257929,0.160282085216494,0.277271968538961,0.278084438004919,0.318773326346687,0.292530314975606,0.308686722866674,0.295938021892972,0.22298874635638,0.34677451963717,0.26420662986318,0.267377585508561,0.293537258686816,0.314435515631175,0.294863538679308,0.297836077028799,0.327685420332601,0.330884060037454,0.295439082559582,0.273912337589781,0.278323854951757,0.328353856272988,0.280151679269572,0.242925932973226,0.318395537068138,0.225608010957342,0.276293347708819,0.353402587782047,0.346669055435972,0.217983848055145,0.229371818258454,0.277968465887503,0.26302833558697,0.251320143981796,0.230878076093476
"W95",0.363508155393055,0.303511837979093,0.409430856647817,0.345300139294797,0.330547716030817,0.310012046725967,0.336506912773858,0.359527498520424,0.348473673197521,0.367211722023605,0.297995853254758,0.338470544856425,0.308245890245269,0.387545308787901,0.368987255244486,0.341480887496481,0.342425239004381,0.361500745681249,0.401332135612493,0.376965756198382,0.266824037790991,0.321775709346884,0.263252101401258,0,0.26795785217144,0.30869146411698,0.326369841219715,0.244923282295408,0.353369674619676,0.317866088138592,0.204183441969488,0.226553422554694,0.363447906435757,0.281181915982902,0.365839849279098,0.274482757721555,0.380980070378643,0.29373254273212,0.365476349604997,0.360881707255268,0.349616277022706,0.34550931347991,0.357354570005026,0.345532939879069,0.336715470970235,0.401623387695382,0.379186397731609,0.385758228185209,0.346658219509556,0.405525165881212,0.388107286480101,0.35885823689822,0.355989517087078,0.376634393552506,0.349709503137115,0.376909943436115,0.320529427620451,0.299365255321942,0.347004946570788,0.367742841207587,0.343429716245767,0.334378898129743,0.382459828946076,0.40637379908342,0.289850182646563,0.338559769333873,0.335294347398416
"W96",0.256519284518687,0.27893467565501,0.299162125530343,0.413948204661253,0.240277174033574,0.234385073865395,0.2455563578736,0.299951302275886,0.233525139402867,0.297208227074487,0.246610108223016,0.277487707801038,0.277345185653472,0.230495016289252,0.226488627494679,0.205665025139057,0.19325919160921,0.268521954623181,0.269211231831797,0.254805508414651,0.146965983575882,0.232328434170486,0.175281149439124,0.26795785217144,0,0.226480198074313,0.194297641346607,0.225843688063643,0.159678553334721,0.197616276819655,0.157928035190031,0.20770011562599,0.301444700079719,0.225911112780315,0.277998196916924,0.229805598505045,0.278854297118586,0.183184766955323,0.26578055053563,0.323074375112293,0.301692522589708,0.299620754352331,0.241902364800835,0.218702333940871,0.235949668647075,0.276017406955941,0.27239476973366,0.277643000382255,0.230452607407268,0.33107327431776,0.266886571322767,0.243056413208796,0.251325797551403,0.251490208537211,0.268634988690239,0.237903394468735,0.311621098780465,0.233241463756063,0.262023039983157,0.41092997641831,0.400678555294946,0.244027687002388,0.280937303202657,0.322430946121325,0.268976135043828,0.285953512120483,0.270124201913085
"W97",0.303969338898342,0.274281346840779,0.313483912002107,0.37572774209311,0.290794294528553,0.315513408405013,0.331376838675172,0.349004883305331,0.306916270383171,0.295330041666986,0.202634161480122,0.294987006945873,0.241477958076411,0.268145052083376,0.317978400068022,0.311942956649801,0.270391924448432,0.328830400497021,0.352380733903009,0.307339214735426,0.236671491495661,0.262357502240475,0.226855136455909,0.30869146411698,0.226480198074313,0,0.251602148369401,0.182575977434446,0.229856453218352,0.167414557332639,0.239014520433223,0.244666535802343,0.314052492554398,0.198579889199919,0.32748183768425,0.208951705206666,0.31618247829164,0.308438759114957,0.291663099749682,0.269986244548032,0.233966984403253,0.289431343775267,0.354982875815428,0.29641329408708,0.334592327067215,0.360354237714382,0.350669199676471,0.337988177606441,0.241959366661597,0.407318483764703,0.380213370727435,0.32804599126865,0.325278845855689,0.334976027048886,0.335833486090852,0.330446327036381,0.318359039829744,0.262438321110529,0.349624131326867,0.289648110396193,0.325153883484112,0.312646628595218,0.300113706899544,0.24672032665951,0.270838208826456,0.297624479178259,0.273212614029057
"W100",0.313779325634463,0.287930072246993,0.311283977305198,0.398155178748482,0.256030650994562,0.262884524000043,0.241164752483653,0.328920393318272,0.287770507319509,0.311279332339359,0.307195317242029,0.314348290890494,0.256202642672966,0.24127709260068,0.296347364447313,0.247951579154193,0.25896919666911,0.289331455329415,0.32347057160288,0.280515883986497,0.239442448460578,0.23534525958198,0.181588000033725,0.326369841219715,0.194297641346607,0.251602148369401,0,0.235915063445375,0.18496519990114,0.273893964784161,0.245866605306269,0.219171454651281,0.357143475838627,0.231016597699051,0.320749442734261,0.297247918081298,0.341239517259245,0.247961596651298,0.271300647754258,0.283517364477251,0.278753324751632,0.318011339307222,0.26384896990534,0.254508839939614,0.228503220578414,0.266764125210865,0.266730090665781,0.299727727657019,0.319005295189722,0.319971869678051,0.304266460995154,0.247982248261657,0.240255708986454,0.277852849011096,0.262795965255361,0.227032316270017,0.354668872088289,0.277550881047941,0.30127110465752,0.424633244656037,0.394107232387229,0.256850358947902,0.289121155254074,0.29207551044291,0.310446361298123,0.27656044364039,0.263427065101181
"W101",0.27550547896631,0.242935459889433,0.31250286063835,0.376549570060347,0.236268449643441,0.219775700233521,0.254081004827201,0.360884470996456,0.307036913855626,0.26277676152912,0.197337782316244,0.335580165015348,0.254395784177592,0.286284717624633,0.304224482657602,0.27539551882585,0.300736267308339,0.313669729004601,0.346240022247725,0.346540658162204,0.247068522772533,0.213207724140653,0.18293879217498,0.244923282295408,0.225843688063643,0.182575977434446,0.235915063445375,0,0.203074838809105,0.235607741903947,0.237638631963007,0.153276649090075,0.301074723518689,0.221408201919774,0.343739075878569,0.261190676736702,0.326421381369736,0.253688710587749,0.284442620284645,0.266528135505051,0.211827130609673,0.307485370599157,0.304010924724378,0.258239435022205,0.2836104579321,0.293888651051405,0.26949372331659,0.319286490723707,0.320583351623517,0.308693898532951,0.309541124209297,0.246736785501931,0.247277047466846,0.296449873545025,0.25488471734282,0.264160998529182,0.265245200734126,0.213121215336559,0.277889330092753,0.311747281446407,0.295817805657327,0.238040024224907,0.284903152444801,0.308870905847112,0.233575508227334,0.248586011479544,0.28938678268902
"W104",0.263973506043287,0.266173753789937,0.257568016742918,0.463358227354305,0.180489585901218,0.198935980096442,0.216786745922071,0.311637301576625,0.239411298867399,0.235436415436968,0.249116721909803,0.319598134359051,0.297372250201238,0.17533712473494,0.221449648450418,0.194605156189405,0.202918319622863,0.274391755988059,0.239120348437114,0.299329523773878,0.228801439457781,0.205271866829129,0.231655613465119,0.353369674619676,0.159678553334721,0.229856453218352,0.18496519990114,0.203074838809105,0,0.219643362022398,0.267534669317332,0.197189488407922,0.31288938934103,0.209719626603521,0.302803705307808,0.258910456668145,0.265799094994628,0.198518123977695,0.243840892340363,0.275043449399694,0.267082111445039,0.32452067162197,0.236046945174877,0.159356887258162,0.17990605062136,0.180026374190544,0.189222959226465,0.241018327127415,0.254225012822611,0.237329396280413,0.218191511175145,0.169789320947072,0.198911880157031,0.205939733973215,0.194577080687274,0.179465333091893,0.32244137390845,0.224751317762226,0.235214207869376,0.404117786817189,0.382416865544983,0.197256388632586,0.288342790213495,0.31294023247292,0.286297988315488,0.238258774135489,0.285799497341836
"W107",0.291680127684701,0.228241511238159,0.287128638972098,0.359667756626213,0.279238278256851,0.27651279016861,0.282019077165995,0.28638316638471,0.27516388345652,0.240301954308609,0.20034106716267,0.286941223644034,0.188278892765311,0.208363060006594,0.265789474912653,0.262413652399317,0.238827510017881,0.304341083412334,0.246034130840248,0.272884490968415,0.213944236891806,0.273022201695831,0.240011653330405,0.317866088138592,0.197616276819655,0.167414557332639,0.273893964784161,0.235607741903947,0.219643362022398,0,0.231330342225436,0.258173590847464,0.338039713625354,0.193294490485792,0.307154627869193,0.178085841660677,0.315500644136099,0.285676424982776,0.201633501027177,0.285472696135836,0.269499134189198,0.300631288608574,0.329320344421349,0.263127702459925,0.301939672232413,0.326440990295767,0.317893282991441,0.323462007066666,0.257203902685096,0.363021035256473,0.331677814863816,0.294173509388374,0.289219334684896,0.326466739505196,0.284223493542121,0.295492801985581,0.294363486040397,0.285927081667841,0.33840635504671,0.317326306678086,0.369890987799224,0.278469896195895,0.28091637154102,0.302346256467332,0.277776327104798,0.28567080293029,0.243507067879522
"W108",0.341517438909817,0.327747040724382,0.345869242342771,0.36792872054011,0.278203520632854,0.307714575663317,0.324411913159979,0.31712931260716,0.306702599763686,0.32733702403965,0.283259831599146,0.296395806531036,0.290830866495504,0.340452903787425,0.333210603783527,0.304077683163762,0.277522276426965,0.32460682474327,0.301161846720485,0.305631366272813,0.229978944496051,0.337968359834378,0.227862229331943,0.204183441969488,0.157928035190031,0.239014520433223,0.245866605306269,0.237638631963007,0.267534669317332,0.231330342225436,0,0.20317995898414,0.317205305956984,0.241987637922312,0.322011710529601,0.196630966165823,0.33484022673806,0.21461634239742,0.310149546679546,0.307079026757237,0.316892205773174,0.296367772646995,0.325977251476367,0.32213704589604,0.301603957914307,0.355509697747696,0.360960999566191,0.367234597779729,0.236991777509694,0.412569028649371,0.357354374228502,0.349358821332871,0.345566694162521,0.317904486989397,0.345915981008894,0.341571439340325,0.298223956021761,0.268217361814199,0.321649206124047,0.342563199961944,0.349834867882577,0.33034143618012,0.361472556368152,0.325198396546342,0.286554667930177,0.32313258598482,0.301213259729429
"W109",0.269830598030795,0.221510343098114,0.263084869584115,0.424404649901098,0.196836886284627,0.175629789437963,0.24178392568301,0.335780927779088,0.301921995473741,0.271696081057277,0.204941420497215,0.359609444084735,0.281876411854158,0.300265864076245,0.291463475240424,0.272880035707461,0.303900126887815,0.310912207786085,0.332495770261967,0.348637681472427,0.25562511747935,0.219476148343165,0.186924612012689,0.226553422554694,0.20770011562599,0.244666535802343,0.219171454651281,0.153276649090075,0.197189488407922,0.258173590847464,0.20317995898414,0,0.340870324478827,0.200488045331985,0.33249259092222,0.282510247660923,0.311104805463604,0.24134140522883,0.300948038028475,0.253390235936279,0.253975689947787,0.296383581153653,0.293134208427953,0.234496596201918,0.267373192595166,0.275821098739246,0.25102214640611,0.304723740583464,0.295023681435526,0.302001637379561,0.296966811672241,0.224451975571534,0.231117885005231,0.286437934975642,0.226034502984547,0.257589604918228,0.259800520285644,0.202032520130823,0.252216749743186,0.334500003392085,0.32073632272947,0.205479208433927,0.296328064336788,0.306553716649023,0.246893800361512,0.250814862539795,0.313230642008391
"W111",0.275867097635088,0.340846589190766,0.348602968324822,0.275731230563362,0.299760477058076,0.31703051116388,0.327695248423029,0.186650960115352,0.225052078920203,0.27006799059387,0.236697710099799,0.266547038052292,0.298147622794601,0.316999328319462,0.27408479662513,0.310384583749716,0.249300175817893,0.203350806800727,0.333152093073903,0.207816124215067,0.334293598744493,0.365433582919735,0.332823491257929,0.363447906435757,0.301444700079719,0.314052492554398,0.357143475838627,0.301074723518689,0.31288938934103,0.338039713625354,0.317205305956984,0.340870324478827,0,0.28672624135594,0.221122523092812,0.325892650867779,0.181072794621547,0.331733443496014,0.367071220696089,0.413773591101835,0.315670072818669,0.215511776829493,0.320493064804688,0.329613404541664,0.329909510139845,0.360673031425889,0.364669620963802,0.288304413156705,0.166574686167813,0.373242855898322,0.322916449171975,0.339190107867285,0.328520795966279,0.312217715741156,0.327112550513759,0.327171448030118,0.25773733723694,0.273329294027563,0.304855359134043,0.321947052043202,0.354245627703857,0.300453135353108,0.295387310957893,0.274665550255326,0.304531119229519,0.292356281996072,0.358101794539476
