"","C1","C2","C3","C4","C6","C7","C8","C10","C29","C30","C38","C39","C42","C43","C46","C48","C51","C52","C55","C59","C61","C65","C68","C74","C75","C77","C82","C86","C87","C88","C89","C90","C91","C92","C95","C99","C103","C105","C106","C107","C108","C111","C113","C114","C116","C117","C118","C119","C120","C121","C123","C125","C128","C129","C137","C141","C142","C143","C144","C151","C152","C154","C156","C157","C159","C174","C177","C178","C200","C201","C416"
"C1",0,0.0844541302088924,0.181986219662946,0.144227990073689,0.124880700631873,0.148992332474895,0.0818360610211861,0.181856142582444,0.218228117629954,0.261932613927974,0.158960211743159,0.137493006735952,0.181577955861492,0.128851221685527,0.18461517397925,0.20232179195703,0.279053231545766,0.181876464153888,0.221175324673823,0.119816330869188,0.27246305286821,0.218099505572937,0.230117673622254,0.127182759602728,0.219003076453711,0.286802255130449,0.187130046725402,0.260202782885901,0.140817489182155,0.250752448171576,0.251310331313387,0.292887649402732,0.181585000882172,0.254788336825159,0.234636721796573,0.173822909664896,0.242382802864808,0.147354394463773,0.130573059993623,0.194780349647256,0.194015452173346,0.246349882144275,0.243411128532001,0.30042498037609,0.214785248276181,0.0906576884604476,0.235427498303765,0.164397760646165,0.196021980364402,0.200604596865515,0.157601309244871,0.113184939970064,0.15628885021366,0.18406373797158,0.177917659545428,0.210903585647792,0.350779408050706,0.346661599369527,0.236398184132849,0.297631851377431,0.347483845590736,0.144449414759796,0.258025649675558,0.217757770728623,0.239313241520287,0.177832886352179,0.170017339740431,0.194752165426127,0.166860849401551,0.308053151184318,0.260542132400758
"C2",0.0844541302088924,0,0.178085022739736,0.141895256011166,0.0806714779324405,0.18382115725885,0.102964773845595,0.211031286868347,0.253949906689216,0.307095889380993,0.208175902986916,0.177100113915742,0.222849850708378,0.170986744540108,0.230680609648715,0.242568607466449,0.321346804110041,0.221797303623425,0.25983461964333,0.135139829439119,0.290134263709546,0.270947972356448,0.251248282986599,0.124820462095712,0.22976956083576,0.290098147215178,0.22159026393708,0.298310263279059,0.152959187572759,0.290499006451641,0.296600454761379,0.337265882193123,0.21201504657707,0.299725539071297,0.277942172968915,0.193340891151704,0.269492099781278,0.157489205516051,0.164868282987474,0.235008670260469,0.247414809305267,0.274446430195436,0.28197339223398,0.334864419581891,0.261403975279543,0.0991275157455469,0.271986372810999,0.204081977882987,0.240737810692411,0.244355259282716,0.154273590506554,0.126981746604307,0.202638879893958,0.22611430595516,0.178965395751994,0.24385464148563,0.382163268471678,0.377074623063298,0.259129684364072,0.310276514104564,0.36556756677061,0.153658298000531,0.284895200021372,0.247431463487556,0.271114575807047,0.160719150288364,0.151834168291691,0.183285509350829,0.197205990331804,0.34490247445869,0.282304504382911
"C3",0.181986219662946,0.178085022739736,0,0.129049747444162,0.190129622624403,0.209147104661436,0.187877782843017,0.253684794729274,0.298233843871481,0.308860046603609,0.234681088258223,0.250006573185713,0.278101296974982,0.235589215392774,0.25481943004466,0.236060513842136,0.334975894488923,0.281742411906187,0.309764604432932,0.203335173480793,0.343240256335974,0.30163547282415,0.308222544577117,0.226610681992472,0.291874248428314,0.325149224771475,0.266111776687571,0.310778433225796,0.229432788216101,0.293258266290745,0.323921996540588,0.330746700297478,0.261672082516494,0.294983504869052,0.292311341679021,0.241996495631912,0.279999591439266,0.217232684449646,0.21427674282415,0.244835787400089,0.275564246826905,0.305987270364872,0.228343073926388,0.318537877211317,0.260416590371622,0.173857768777444,0.277735081432944,0.211937881252898,0.248996899030761,0.279217409876019,0.203640765246529,0.207237429472486,0.254479984563461,0.269844052929164,0.245336322098936,0.254601501198438,0.384173931617892,0.372245480519686,0.3114714740421,0.292732396451088,0.330893762270679,0.224695360042633,0.310076035961106,0.26408150995354,0.276996515248374,0.241143803596533,0.234953826397311,0.261622116922192,0.238415115430346,0.34128513818624,0.28804213903134
"C4",0.144227990073689,0.141895256011166,0.129049747444162,0,0.14741316365763,0.187154955660617,0.163666486000293,0.212784576775746,0.258872017923165,0.275688869263462,0.192633277713833,0.197683140837762,0.241501305479349,0.192448167855211,0.23989869091024,0.233513329176573,0.304546991703358,0.243106450128606,0.270577934769275,0.150925660199416,0.306031451660818,0.269156361713751,0.259657349179743,0.163961141210858,0.254867343920828,0.284166543042436,0.226197230566796,0.280279065727865,0.179035224938827,0.264075432932548,0.292358746601678,0.306293692527793,0.230467694379103,0.261550810117454,0.262713850624583,0.211810696878864,0.257388664483856,0.183124722037097,0.172437282761223,0.213502034618009,0.234661235433731,0.27547038812061,0.231421703141267,0.321646428865731,0.235400426435388,0.135142015993028,0.250818943942459,0.174298331329964,0.212221610819663,0.2467471011064,0.180476864181584,0.143176919140955,0.215995123137708,0.232590282200189,0.169631859977591,0.232806428158436,0.370222751345007,0.360289672864601,0.25700509584916,0.290739837306058,0.328901501861222,0.188539289698881,0.279754566474607,0.230511086091527,0.264798930642266,0.185965034151568,0.16223995946917,0.221384092933341,0.199140948176946,0.31314422231765,0.265102089081728
"C6",0.124880700631873,0.0806714779324405,0.190129622624403,0.14741316365763,0,0.194359957326735,0.0990864375165,0.197210528146771,0.239387771884182,0.310577074839097,0.215737943578337,0.191930104174428,0.225016834757533,0.170252503730254,0.220134824104395,0.233182583259808,0.310478969092582,0.210857322701801,0.25319899810925,0.129794019671469,0.276081032715404,0.263576047744724,0.241998571294127,0.116628444279595,0.208857192250972,0.282145198665727,0.213184714752186,0.283316982041535,0.161454169968341,0.294233201418238,0.309784534677079,0.338841656926896,0.226549655718039,0.304393511757105,0.277222655376813,0.186677742582675,0.27221164079927,0.17853793316498,0.167970815609168,0.242403302659492,0.248109597876317,0.293540729407224,0.279396604114036,0.330971609208454,0.259146028751969,0.118407543322839,0.277140611005273,0.21271037279762,0.234213734339472,0.260156351158894,0.17271841959595,0.147406268927806,0.217468173527157,0.24136635190469,0.136887378186924,0.249515041920342,0.381718743809868,0.371017770979092,0.270953778722194,0.310502726668957,0.369257057123898,0.132162191203251,0.276797985695674,0.243108325549367,0.261401509789417,0.130206709984612,0.137221415541484,0.150807543472468,0.210618117449635,0.350803346574054,0.290894200824256
"C7",0.148992332474895,0.18382115725885,0.209147104661436,0.187154955660617,0.194359957326735,0,0.155508583568352,0.114426305260808,0.15601145147404,0.190651297442667,0.111339838582169,0.117805750371136,0.133965534020472,0.128840913105629,0.119322239854782,0.108263963206083,0.217970044294838,0.133394917884063,0.162299417142936,0.141520790537898,0.217610064214399,0.164183590001132,0.19274995818147,0.140847719546067,0.16142165733971,0.270743444109479,0.119462296200106,0.196964536932203,0.101397894215055,0.18018665555631,0.188526946324862,0.231404538944706,0.122074682045102,0.188606838226231,0.176467055273097,0.132721203328412,0.14673300088654,0.0977998359844253,0.123951605477046,0.122007802244187,0.131895729022408,0.177525523678031,0.215863753429189,0.235733582223232,0.158174637002133,0.153061678748151,0.219593077503232,0.135812372134387,0.149197316838096,0.133692867886929,0.235377510646235,0.150738118052509,0.093667609614776,0.124959763443773,0.16479519929967,0.138580527946926,0.267782683999745,0.273380429606481,0.211527807840007,0.220772258535717,0.29367304253502,0.145899926987901,0.199659926491414,0.152783227166839,0.154242424601376,0.205341991032626,0.20968878989631,0.255929411034662,0.178944360787168,0.284468562278701,0.228113862086966
"C8",0.0818360610211861,0.102964773845595,0.187877782843017,0.163666486000293,0.0990864375165,0.155508583568352,0,0.168324519219727,0.205164586085085,0.270147277414786,0.172499398397569,0.149128059195537,0.179095372283689,0.126673614438098,0.173651878479829,0.194120112673514,0.275244487919341,0.167649711798378,0.208750748280731,0.112864924853644,0.250074237719021,0.218805861986657,0.214584482207562,0.111450125726825,0.191459562275387,0.282258515769535,0.170139523665501,0.253712330921659,0.136811564462147,0.256979480462584,0.270066318550119,0.297358056229471,0.188900390563186,0.265375072141568,0.237273239053402,0.152874137660743,0.240844690387554,0.148568883617314,0.122927220881713,0.198439489233422,0.205767834167969,0.263282119714804,0.259790454982742,0.302509549135656,0.213391300522942,0.104482991261691,0.24174043759621,0.171937826916473,0.194710449538617,0.217266208247366,0.170932814358924,0.124526451742558,0.1722980586504,0.198298896887239,0.151485333436679,0.214328633369742,0.348236733855081,0.340736295610126,0.244403014619294,0.282121992461966,0.350034630996516,0.113559848232763,0.254267478451868,0.206767577410945,0.223207159515196,0.157971366303346,0.165129025723841,0.183553081113509,0.18081771719464,0.31911270876012,0.274982203511296
"C10",0.181856142582444,0.211031286868347,0.253684794729274,0.212784576775746,0.197210528146771,0.114426305260808,0.168324519219727,0,0.0997624102593532,0.161755711079603,0.106205746546332,0.117014177153999,0.109075789969445,0.112200661064809,0.119747324141306,0.0971881074768382,0.176844011363534,0.0942173958402994,0.125076873483034,0.146531099777335,0.175952130899128,0.121379315900678,0.167094847766699,0.135602673272144,0.141421208703442,0.266569666063685,0.102698677709784,0.166849553397892,0.118919503982581,0.142593681393086,0.160299545665825,0.204216130020069,0.100873765810162,0.142555368888901,0.173870505540169,0.0951502075501105,0.145532098351236,0.151243317314833,0.141512245022489,0.113407662620272,0.135505510408558,0.137272448298724,0.224710417577087,0.25007789256521,0.164944534292032,0.165163313435532,0.230119641985436,0.151326646440998,0.150627816350031,0.115190529727412,0.245421587367046,0.16593004892752,0.0933271824044143,0.11434681809198,0.153338905399764,0.180395545557018,0.2671228152143,0.254441769560937,0.193714993109424,0.231947577416099,0.314479782447881,0.143502931191577,0.16054726362105,0.140121390680192,0.10970850408304,0.207984978578665,0.203407872862463,0.25589179281916,0.170209269408808,0.257071669557398,0.255842012445271
"C29",0.218228117629954,0.253949906689216,0.298233843871481,0.258872017923165,0.239387771884182,0.15601145147404,0.205164586085085,0.0997624102593532,0,0.142335182528441,0.109374970297047,0.147294084834252,0.0946818586233697,0.127620765147097,0.131875998464609,0.14091231059392,0.11001660906219,0.0758164577765462,0.0640958207619277,0.177172686142594,0.14387327291569,0.100708566406265,0.129491624706019,0.174675296967731,0.108467143510203,0.2596873492454,0.092873318920125,0.146003762126878,0.154166478806176,0.133306281774164,0.131041422525249,0.145387262917861,0.114340616396954,0.126156439976934,0.137589823822331,0.137457026453176,0.151682550269245,0.183148569711957,0.176958275367104,0.120079021061199,0.120550823912123,0.137459397103632,0.23540432780198,0.219499828812973,0.139469511105564,0.209522216355209,0.226959159058284,0.17097595466295,0.135226028780696,0.104344641688621,0.28922883042959,0.216082627732659,0.0994607470243022,0.0820239825667851,0.162325661300272,0.168297651020953,0.209751434565799,0.223367468865758,0.178417705111378,0.223779983053522,0.308296655866466,0.176915750651609,0.161293552535805,0.109555892469274,0.127168392279586,0.241652453618192,0.232247385002504,0.282513112886557,0.186647542738119,0.250127884357673,0.247058062936978
"C30",0.261932613927974,0.307095889380993,0.308860046603609,0.275688869263462,0.310577074839097,0.190651297442667,0.270147277414786,0.161755711079603,0.142335182528441,0,0.147310051306171,0.196159856971784,0.160578087794973,0.213809554555587,0.175164601504948,0.151551336149832,0.13297948827133,0.149419659306516,0.125799298765461,0.248073073617938,0.150271455777971,0.103988699870055,0.157190515482097,0.241557755684468,0.179326655068759,0.265159717398612,0.146221626127005,0.165245711993013,0.199819604786992,0.108705778466416,0.0901795622542936,0.128995401002553,0.136212682108102,0.0862856710488731,0.137095355860021,0.175550219053431,0.136489694071409,0.232415113059416,0.202604932362772,0.118160320132451,0.131447983528785,0.103378333008527,0.212145844204408,0.229668440342114,0.134072276261672,0.246825286765689,0.211023707952274,0.184672781534151,0.162602276576083,0.111326076786117,0.309097947009964,0.253018319984519,0.142450845003903,0.144957474472121,0.24414988362916,0.176861144135868,0.218909211006297,0.212433693245944,0.176100516767087,0.212630212918236,0.28728556209867,0.2477260751612,0.135331545569875,0.155395252102903,0.142339769841296,0.309651226127688,0.300038151399156,0.348537343032946,0.231123555234181,0.237392067783606,0.23503724388095
"C38",0.158960211743159,0.208175902986916,0.234681088258223,0.192633277713833,0.215737943578337,0.111339838582169,0.172499398397569,0.106205746546332,0.109374970297047,0.147310051306171,0,0.115363000172398,0.10189756112675,0.124093602895209,0.118986120371268,0.145251827634981,0.169994187311653,0.090382978734754,0.111747550341721,0.16484531926717,0.176619635193349,0.115860687252139,0.169689696996021,0.143042784950797,0.154550925701203,0.268081332421866,0.105132154072082,0.170773600758944,0.106268005240143,0.128751522955841,0.1497878945331,0.179406277869155,0.0971609613109693,0.136928462117214,0.131074009896257,0.112493345087662,0.159540164771363,0.150788479561601,0.119743035557969,0.0909909484221019,0.0936274916575085,0.160113668725234,0.204365921615956,0.226538903105953,0.121485540974625,0.143483767173341,0.201925150105853,0.128973287578067,0.116696915540009,0.109619682441982,0.236053609170859,0.169386658952334,0.0693304322997327,0.0882129643626788,0.149408156263241,0.152376068702593,0.251119912003172,0.263347584388356,0.189350403685431,0.22252233940469,0.298569812136184,0.152575190743626,0.183640864863659,0.122581618848335,0.148699179145673,0.221195736847609,0.216257809857537,0.265452469321914,0.151689350303857,0.254563754039415,0.236335917265618
"C39",0.137493006735952,0.177100113915742,0.250006573185713,0.197683140837762,0.191930104174428,0.117805750371136,0.149128059195537,0.117014177153999,0.147294084834252,0.196159856971784,0.115363000172398,0,0.10287147635589,0.0861794874430073,0.129525264288929,0.15285059907011,0.209623008988565,0.113369718614258,0.145935429719917,0.135353602338298,0.213420244465325,0.172804188704262,0.160428738026631,0.128089238245251,0.163126682246346,0.260728576829898,0.141318215293931,0.219123575178732,0.105694993865314,0.18490992484229,0.179303016148077,0.220833091254862,0.136837951266766,0.184705295391338,0.162858822787192,0.135977438934334,0.197422596663042,0.100230817116858,0.0989356510900157,0.136969409827239,0.125598146836521,0.188689805946743,0.208915256670068,0.261717105431914,0.156875158079566,0.169770879673075,0.209301348113696,0.134111680797534,0.150087669373183,0.152821197256975,0.230878891796,0.120010522628356,0.100765532649521,0.124871067340949,0.16082317150218,0.153753270220642,0.296371838537665,0.293306972056242,0.15525793042801,0.270142294441935,0.327245768475413,0.146101728149976,0.210001298245361,0.185398505487193,0.168254352618348,0.209439378867093,0.18872672236331,0.248853595370715,0.178488980993419,0.266008060072373,0.244583480936509
"C42",0.181577955861492,0.222849850708378,0.278101296974982,0.241501305479349,0.225016834757533,0.133965534020472,0.179095372283689,0.109075789969445,0.0946818586233697,0.160578087794973,0.10189756112675,0.10287147635589,0,0.112250123257054,0.0975838041940527,0.1387304468722,0.145219559273826,0.0758514124015205,0.0781524516501245,0.168136988936809,0.155621002645181,0.112437652437217,0.137107806110286,0.153337528433495,0.118678203551175,0.24963738085272,0.0960007469486004,0.17146303229277,0.125976253096962,0.158985911585632,0.147592139172805,0.171490057575697,0.122055867196827,0.139295501444489,0.131543741812338,0.139767318001511,0.145642277569264,0.146058466580174,0.125838362183199,0.0944366948047025,0.0838678246116067,0.143422132256565,0.218816077709356,0.219610774106483,0.118446042456659,0.188723806505898,0.209995716838962,0.139654595348782,0.121339172247062,0.110318457064655,0.271237672365006,0.183208525685449,0.0813388404354592,0.097843643797776,0.174139631830777,0.143313903949678,0.238223178695118,0.250141339825351,0.157117246253669,0.230267002693807,0.303731770955535,0.155962161913055,0.172810467896095,0.13963129214833,0.121858933228896,0.21874400280455,0.221981018317119,0.264763822200765,0.181932339767788,0.245459856531381,0.235959384629806
"C43",0.128851221685527,0.170986744540108,0.235589215392774,0.192448167855211,0.170252503730254,0.128840913105629,0.126673614438098,0.112200661064809,0.127620765147097,0.213809554555587,0.124093602895209,0.0861794874430073,0.112250123257054,0,0.128840795397236,0.136010942036958,0.194100361239891,0.107462204333786,0.138525396866206,0.0978482458661434,0.217474134416706,0.167853480936108,0.166201798907329,0.120784638051667,0.166280719270416,0.263944252700328,0.138211854981509,0.215920903964649,0.138654070779217,0.197585366872178,0.197207028089877,0.215591440369365,0.144944969781225,0.194718587730861,0.166844907296022,0.129410784724556,0.207677230912132,0.12649946307279,0.116227489317057,0.152117633296033,0.157527392062092,0.20430066143424,0.222461796914481,0.273854816014974,0.18131296564817,0.159189398838828,0.223674484374596,0.134725432732153,0.162637287329471,0.165946958864918,0.231452279879926,0.143578765201755,0.131772322562454,0.125593212140626,0.147064157235704,0.172889749108541,0.29093024742337,0.282678031604365,0.212768930576876,0.275912779154542,0.335083777811028,0.142430388599362,0.222912711163696,0.176780779366514,0.172083464542469,0.189917592186844,0.183075972361389,0.237293955928371,0.173448492594713,0.280832383279023,0.252086702258888
"C46",0.18461517397925,0.230680609648715,0.25481943004466,0.23989869091024,0.220134824104395,0.119322239854782,0.173651878479829,0.119747324141306,0.131875998464609,0.175164601504948,0.118986120371268,0.129525264288929,0.0975838041940527,0.128840795397236,0,0.108099025689242,0.178201383440331,0.0872992462670057,0.123622257319323,0.173974198356789,0.16639210092273,0.124749575254245,0.164127258897308,0.155769854534128,0.141356789454082,0.264580594741906,0.122674086111476,0.178297332010295,0.139076828282693,0.174339595054114,0.175220863218929,0.203987013837916,0.113854027936722,0.169811766512092,0.181994304235246,0.12528027824491,0.125679274688212,0.142651473956433,0.148727517465227,0.118764142065806,0.123357658521399,0.168787643175686,0.220489887923107,0.228693770576828,0.147214502993251,0.182644280840218,0.220412829799492,0.162048625352034,0.161648088474014,0.126550235981991,0.270485598879498,0.187047953207882,0.102679523795472,0.133444176349304,0.177077218474678,0.15547598469463,0.248758375362571,0.24596803110207,0.19565722355443,0.218537850022744,0.296013055996786,0.163279910396611,0.165991367412614,0.141022423613034,0.11810221243633,0.229159654653723,0.233438471915471,0.274228772726851,0.198637422766488,0.278814105273409,0.227960172978112
"C48",0.20232179195703,0.242568607466449,0.236060513842136,0.233513329176573,0.233182583259808,0.108263963206083,0.194120112673514,0.0971881074768382,0.14091231059392,0.151551336149832,0.145251827634981,0.15285059907011,0.1387304468722,0.136010942036958,0.108099025689242,0,0.194886670101922,0.13063079212679,0.164135832471954,0.170459677774033,0.215268737160175,0.157126873268207,0.205199992275517,0.17528195950299,0.186135091648309,0.291483475611437,0.13279336204576,0.205300481717317,0.171941115740282,0.16882132680551,0.169792225844213,0.215628723950356,0.139671822307869,0.178383829973982,0.19724436798698,0.118360382445181,0.153891687980299,0.160212470372102,0.173724175360059,0.13690731881787,0.16666410971637,0.165376877336878,0.24583717226608,0.252143109246187,0.186825246946154,0.195088695369717,0.249541661460236,0.171433868777063,0.185152932046117,0.135616307357218,0.266688325418762,0.195939786620846,0.134488393299382,0.131487011208082,0.205699600675432,0.179610810925702,0.25946969649845,0.238272353933396,0.239273462727,0.226354082925518,0.309066339047986,0.188482558491381,0.18280803031803,0.170083071939085,0.117580404739813,0.241156699131581,0.241133807186547,0.289874767566399,0.210671057957106,0.283231833408794,0.253894593590696
"C51",0.279053231545766,0.321346804110041,0.334975894488923,0.304546991703358,0.310478969092582,0.217970044294838,0.275244487919341,0.176844011363534,0.11001660906219,0.13297948827133,0.169994187311653,0.209623008988565,0.145219559273826,0.194100361239891,0.178201383440331,0.194886670101922,0,0.143797135886414,0.0958688369000407,0.255826071470856,0.129167853215841,0.111463948746226,0.154590265266251,0.24873362883933,0.167933096272117,0.233565905992302,0.15353592676647,0.129495961764718,0.225950149304286,0.120175088603405,0.115934407014079,0.0926323633092396,0.177222007486522,0.100647819107535,0.111493648477409,0.209467271678063,0.159013422153319,0.251332446390216,0.235864008813805,0.155769308922457,0.140676513103288,0.130320073434855,0.223916180566504,0.19900226444498,0.145536990261473,0.273690212558236,0.212987991009924,0.205532100090017,0.153683886466675,0.14353434325957,0.351745483809272,0.280214589516975,0.167203291950596,0.138106135302021,0.238833683567457,0.184267102643741,0.144838177082491,0.16358084000025,0.174634492696067,0.21035452700047,0.292462935227279,0.251493205216213,0.149481696912304,0.137824874886011,0.167996936918484,0.301095256913069,0.299434150845883,0.340094903262728,0.245116448254478,0.224683069298793,0.225537472586076
"C52",0.181876464153888,0.221797303623425,0.281742411906187,0.243106450128606,0.210857322701801,0.133394917884063,0.167649711798378,0.0942173958402994,0.0758164577765462,0.149419659306516,0.090382978734754,0.113369718614258,0.0758514124015205,0.107462204333786,0.0872992462670057,0.13063079212679,0.143797135886414,0,0.0753459321618997,0.141888512306974,0.136310077106265,0.0945558816507342,0.119329144633862,0.143161840081238,0.10935918667159,0.257813113036493,0.0933123913672044,0.150721962572856,0.125281468717075,0.137567769107077,0.136420744537419,0.168322295211955,0.0826875491292899,0.13252996311824,0.139434319087665,0.100488504663622,0.140541589192447,0.151530014746723,0.15006165135587,0.103202376836667,0.101785292802447,0.145084778774364,0.224801772402703,0.234447172383374,0.13359107665603,0.183244952832399,0.217549860423712,0.153767588027909,0.137584829127969,0.0928352835177796,0.270168654565473,0.182083092445399,0.0688620978641663,0.0800482387838584,0.148122163558886,0.159839268057458,0.233822076906337,0.241354354782249,0.170145666927481,0.224554487472929,0.306762736500765,0.156229272277459,0.158622978658966,0.108206470310188,0.1207441380804,0.217747998640028,0.215532422560411,0.26533603039934,0.190887983236818,0.260709096823383,0.247138076090235
"C55",0.221175324673823,0.25983461964333,0.309764604432932,0.270577934769275,0.25319899810925,0.162299417142936,0.208750748280731,0.125076873483034,0.0640958207619277,0.125799298765461,0.111747550341721,0.145935429719917,0.0781524516501245,0.138525396866206,0.123622257319323,0.164135832471954,0.0958688369000407,0.0753459321618997,0,0.187685464095189,0.112670197576318,0.0677073113477035,0.0984297827375636,0.183903897195119,0.115826869480013,0.249874454104428,0.100531568687023,0.133479947075958,0.16197931485443,0.126600497746687,0.0996047516896471,0.132313315142209,0.114660249186409,0.0983637643244045,0.117656934734565,0.147754260581018,0.137550753699108,0.184420355773983,0.174210117584184,0.113463763714554,0.0935690770913371,0.118640224279813,0.218424287201654,0.210112676436804,0.113829985483501,0.223200637036241,0.212562696412799,0.167163883080772,0.127205613497713,0.0994712513760711,0.306767054518159,0.223016162012496,0.106092150954399,0.0974282788697013,0.180535545338556,0.162248709028322,0.19455840834803,0.214298690957226,0.144284236079779,0.216910893177857,0.29707645550131,0.187521501063657,0.149795142928924,0.11732324006549,0.119923520677177,0.251057168127156,0.245636662168175,0.294768677697321,0.208608613086151,0.240258358053348,0.239376388224477
"C59",0.119816330869188,0.135139829439119,0.203335173480793,0.150925660199416,0.129794019671469,0.141520790537898,0.112864924853644,0.146531099777335,0.177172686142594,0.248073073617938,0.16484531926717,0.135353602338298,0.168136988936809,0.0978482458661434,0.173974198356789,0.170459677774033,0.255826071470856,0.141888512306974,0.187685464095189,0,0.238594610771767,0.20216614382814,0.176472685795753,0.103096915812871,0.17086285795095,0.258293204351608,0.164508207649772,0.244553192893403,0.13454883004168,0.239610371688994,0.243677031467676,0.278016400795253,0.158870814016358,0.239636681497078,0.226964074272798,0.125110914565147,0.221653700049469,0.122366684328054,0.137321018746745,0.191551900495887,0.202243835786534,0.234145541385418,0.244699882014274,0.309513019099863,0.22316643199578,0.141071730833,0.235017352780538,0.154728680792246,0.213090246578847,0.186279166470332,0.198459683879898,0.119924989744166,0.159480186361254,0.17576251882524,0.121496944616829,0.203057852520831,0.337828151581271,0.328773882718545,0.224826820840931,0.285560387443798,0.33812823146862,0.123278705270567,0.238908460504628,0.186616820851569,0.209302437227084,0.144610146653834,0.125934865022813,0.199984803434999,0.186546625309102,0.308032606883676,0.262481587308515
"C61",0.27246305286821,0.290134263709546,0.343240256335974,0.306031451660818,0.276081032715404,0.217610064214399,0.250074237719021,0.175952130899128,0.14387327291569,0.150271455777971,0.176619635193349,0.213420244465325,0.155621002645181,0.217474134416706,0.16639210092273,0.215268737160175,0.129167853215841,0.136310077106265,0.112670197576318,0.238594610771767,0,0.0922829172427748,0.106072515532622,0.207938267288209,0.142801826773188,0.22679648667219,0.157167605741224,0.122136874546641,0.190191396820743,0.171775288840826,0.134506518191629,0.151038140068188,0.158313149626772,0.13851131661403,0.174967006164469,0.180069589901869,0.155899903069961,0.219287894957653,0.217597230980671,0.156400663295132,0.156976443219109,0.140907851463354,0.251833623042201,0.233093131361263,0.164046361836257,0.253090125892707,0.226108025515608,0.216718338328684,0.194988349862083,0.139755871744198,0.331688279042335,0.242971306779258,0.159493344331109,0.175842707247816,0.202737272466475,0.198117510787971,0.201864178022518,0.22561889784355,0.148827930872992,0.212218589224202,0.286055765495664,0.213984730230801,0.113285617556622,0.142034547072877,0.173906587714397,0.292479992215651,0.287266110220063,0.328575601524483,0.262992596290792,0.261118751926994,0.239111481012945
"C65",0.218099505572937,0.270947972356448,0.30163547282415,0.269156361713751,0.263576047744724,0.164183590001132,0.218805861986657,0.121379315900678,0.100708566406265,0.103988699870055,0.115860687252139,0.172804188704262,0.112437652437217,0.167853480936108,0.124749575254245,0.157126873268207,0.111463948746226,0.0945558816507342,0.0677073113477035,0.20216614382814,0.0922829172427748,0,0.0992882209031253,0.189410954057442,0.125097910409025,0.239074430531225,0.109432615255174,0.113025179199703,0.166215714238262,0.109566696903644,0.0945315934074871,0.141149754315106,0.100886603470393,0.0940140508894765,0.135135225664237,0.132700681590455,0.118910689690126,0.20251142766716,0.182463539682904,0.101731162551421,0.110994430872562,0.103319828421295,0.21316260546918,0.221347496005947,0.121717107723207,0.219758275702957,0.19988848651551,0.172116998078168,0.147527509077936,0.0781614446335644,0.301590595415471,0.225136564836096,0.105675480414544,0.124799564752035,0.190257426826333,0.165398869719272,0.204968996295236,0.212382062060241,0.157788723951059,0.205802792145593,0.283817189404516,0.198254144194646,0.100824371445538,0.0941382396898366,0.127449098490793,0.271995666058513,0.260026613137631,0.313755789715321,0.222025130909682,0.239719472108035,0.232102969737887
"C68",0.230117673622254,0.251248282986599,0.308222544577117,0.259657349179743,0.241998571294127,0.19274995818147,0.214584482207562,0.167094847766699,0.129491624706019,0.157190515482097,0.169689696996021,0.160428738026631,0.137107806110286,0.166201798907329,0.164127258897308,0.205199992275517,0.154590265266251,0.119329144633862,0.0984297827375636,0.176472685795753,0.106072515532622,0.0992882209031253,0,0.162074393636895,0.118312772644,0.21543438891297,0.139021124538873,0.17027293761243,0.163190495646347,0.170535089757488,0.148503632849296,0.1815675158315,0.146253116997305,0.149832711116531,0.154695910673877,0.164479057356636,0.159340973278588,0.161448518928404,0.173728253619951,0.149808209045267,0.142624730707587,0.146693154641039,0.232320807925288,0.248769239205603,0.15011746549822,0.242318851579072,0.188982466282723,0.15905391885677,0.171713224789053,0.129993467231718,0.305874356158669,0.195350498536077,0.148230238888138,0.160731446570408,0.166110276241569,0.156041059487428,0.236723527530337,0.241692371375002,0.11438094780931,0.232647020454762,0.292463697265739,0.185052700179778,0.154997211211983,0.150868739134477,0.151182562315052,0.271455647003875,0.234962666002906,0.30353618578791,0.260494601535615,0.256626934512098,0.216531614053799
"C74",0.127182759602728,0.124820462095712,0.226610681992472,0.163961141210858,0.116628444279595,0.140847719546067,0.111450125726825,0.135602673272144,0.174675296967731,0.241557755684468,0.143042784950797,0.128089238245251,0.153337528433495,0.120784638051667,0.155769854534128,0.17528195950299,0.24873362883933,0.143161840081238,0.183903897195119,0.103096915812871,0.207938267288209,0.189410954057442,0.162074393636895,0,0.139701853484249,0.236262825211075,0.135507767192477,0.228171189420324,0.0890475988983937,0.229277531979644,0.241084606154391,0.275979045026296,0.156618013791612,0.237858585639833,0.217196482256907,0.123394886690806,0.207155932384803,0.109771932191181,0.11973775344876,0.169569750317842,0.189106817914922,0.227076930954242,0.245495896238671,0.283076545066962,0.19498711385196,0.123399651498286,0.215922037706851,0.145702007268538,0.176797235958487,0.18904232833213,0.197660509031175,0.0914505254705043,0.142506639314522,0.177651083017336,0.0962609941280388,0.177148643101715,0.329819297311939,0.31696642134298,0.197381701598663,0.266826831967073,0.326503683738437,0.0906508249824828,0.207009246427694,0.179352151548145,0.192236642094726,0.158748617043289,0.12225879171606,0.202531397267334,0.183644142646083,0.295028670100008,0.230711715546645
"C75",0.219003076453711,0.22976956083576,0.291874248428314,0.254867343920828,0.208857192250972,0.16142165733971,0.191459562275387,0.141421208703442,0.108467143510203,0.179326655068759,0.154550925701203,0.163126682246346,0.118678203551175,0.166280719270416,0.141356789454082,0.186135091648309,0.167933096272117,0.10935918667159,0.115826869480013,0.17086285795095,0.142801826773188,0.125097910409025,0.118312772644,0.139701853484249,0,0.238117655833272,0.121530320015841,0.147632871070596,0.128430436520924,0.183699929636325,0.181266413311841,0.199150906910722,0.129069467723419,0.178613397354819,0.177388704621307,0.151394437983372,0.166110509589004,0.175333504248731,0.178957388557131,0.142781925907911,0.145413203583845,0.149022249084046,0.226685924935621,0.239670546956167,0.151666450810571,0.211512771745866,0.217654309033256,0.173540019049888,0.16705354586754,0.135280989503682,0.280065280755305,0.193848289831896,0.118457562671356,0.159100045026112,0.146831588928852,0.173919423963691,0.267391072536769,0.277899700474097,0.176088613164277,0.232647259019942,0.302039480358962,0.142836650392763,0.132213991250216,0.120448152000889,0.15963187687239,0.225631145176641,0.213720694844468,0.265079408314405,0.213352251315604,0.273340879452984,0.235395992450274
"C77",0.286802255130449,0.290098147215178,0.325149224771475,0.284166543042436,0.282145198665727,0.270743444109479,0.282258515769535,0.266569666063685,0.2596873492454,0.265159717398612,0.268081332421866,0.260728576829898,0.24963738085272,0.263944252700328,0.264580594741906,0.291483475611437,0.233565905992302,0.257813113036493,0.249874454104428,0.258293204351608,0.22679648667219,0.239074430531225,0.21543438891297,0.236262825211075,0.238117655833272,0,0.238981094040886,0.229811292520238,0.240671526649051,0.25021805973224,0.26997660566538,0.237420183955282,0.266012237939163,0.253149892981871,0.221054684229037,0.276089182042423,0.244065105150325,0.259002261851067,0.25105574659857,0.249368531515143,0.240522286683446,0.240054677113746,0.242159961834517,0.193915024418988,0.226997252785514,0.288910707087309,0.169861485523313,0.220578586711236,0.223118728062675,0.255614041207418,0.343455160682141,0.265676692592306,0.256794995447442,0.269220843167976,0.251606416124479,0.216537859047182,0.263278255813197,0.27707177306201,0.224840971858685,0.214785376694264,0.227001373638004,0.248612825039873,0.224682822933543,0.228772950354081,0.268840426341168,0.322165787563864,0.280342630808525,0.348761987062292,0.322831562929707,0.258353258692995,0.167806430424458
"C82",0.187130046725402,0.22159026393708,0.266111776687571,0.226197230566796,0.213184714752186,0.119462296200106,0.170139523665501,0.102698677709784,0.092873318920125,0.146221626127005,0.105132154072082,0.141318215293931,0.0960007469486004,0.138211854981509,0.122674086111476,0.13279336204576,0.15353592676647,0.0933123913672044,0.100531568687023,0.164508207649772,0.157167605741224,0.109432615255174,0.139021124538873,0.135507767192477,0.121530320015841,0.238981094040886,0,0.158694055016654,0.126748639545708,0.150109520846159,0.156401706216608,0.176931343137571,0.117399621805448,0.140337275509229,0.15095414735372,0.129453475045799,0.117498662322879,0.150585859091485,0.141456409948708,0.0857643827283551,0.109917772304645,0.143024768491,0.222903970890819,0.229375267055843,0.119752871429995,0.178785589512197,0.20315826451249,0.131410735780726,0.128193515656256,0.0981881031742266,0.262630615865938,0.174142201916476,0.0797168464398768,0.0960204583396498,0.162598264262551,0.128604527162415,0.228526045852047,0.236701450898697,0.18232647675306,0.210940420306346,0.300690702851861,0.139144453415236,0.159571144932861,0.114729803316373,0.12247208536727,0.214495378233091,0.205516652788705,0.265682722679816,0.186793725360243,0.247908029805719,0.225075140578481
"C86",0.260202782885901,0.298310263279059,0.310778433225796,0.280279065727865,0.283316982041535,0.196964536932203,0.253712330921659,0.166849553397892,0.146003762126878,0.165245711993013,0.170773600758944,0.219123575178732,0.17146303229277,0.215920903964649,0.178297332010295,0.205300481717317,0.129495961764718,0.150721962572856,0.133479947075958,0.244553192893403,0.122136874546641,0.113025179199703,0.17027293761243,0.228171189420324,0.147632871070596,0.229811292520238,0.158694055016654,0,0.209131543120541,0.146068975475724,0.150483475537083,0.136496700915167,0.17068530315636,0.141939058832854,0.166376686327795,0.190631694909299,0.154198064769299,0.250042653283581,0.233901900662894,0.156584154975932,0.153080219092186,0.125277013033936,0.197604594578406,0.203291237927925,0.153827005470508,0.256614986769916,0.19823949437909,0.201897471557006,0.168645776078042,0.156350479153943,0.339829179824075,0.268674876547204,0.161874065873559,0.164842808839056,0.222274214487576,0.19606188524969,0.204866640116253,0.220340964893473,0.1720268939959,0.185813852339564,0.270061879812485,0.229757319665087,0.102204943886963,0.123919512604162,0.176754342242282,0.294743403302965,0.285104049039693,0.336133142794137,0.250863111604906,0.24334793639103,0.228874402875294
"C87",0.140817489182155,0.152959187572759,0.229432788216101,0.179035224938827,0.161454169968341,0.101397894215055,0.136811564462147,0.118919503982581,0.154166478806176,0.199819604786992,0.106268005240143,0.105694993865314,0.125976253096962,0.138654070779217,0.139076828282693,0.171941115740282,0.225950149304286,0.125281468717075,0.16197931485443,0.13454883004168,0.190191396820743,0.166215714238262,0.163190495646347,0.0890475988983937,0.128430436520924,0.240671526649051,0.126748639545708,0.209131543120541,0,0.187233001020739,0.200079285058893,0.239608930547211,0.111047639936691,0.197314124554772,0.176849914661965,0.115938118935672,0.179483917247052,0.105800705829014,0.0944086197552059,0.133966288473558,0.133436737856852,0.182532037870713,0.226867013399548,0.255992023836244,0.157169657961246,0.124807446477051,0.216491047494222,0.143340531425483,0.151741095364869,0.143156803351733,0.196382574917067,0.121912306194038,0.0853589113982492,0.143520399580819,0.107636575054133,0.154543870087128,0.305512671649575,0.31022661698621,0.183491823221684,0.2530947306575,0.320724440223881,0.100519883288532,0.18629660038773,0.157541224043868,0.179348312060931,0.181458792091595,0.172041545429033,0.221338214703016,0.166435806307092,0.281320730105992,0.236895818453076
"C88",0.250752448171576,0.290499006451641,0.293258266290745,0.264075432932548,0.294233201418238,0.18018665555631,0.256979480462584,0.142593681393086,0.133306281774164,0.108705778466416,0.128751522955841,0.18490992484229,0.158985911585632,0.197585366872178,0.174339595054114,0.16882132680551,0.120175088603405,0.137567769107077,0.126600497746687,0.239610371688994,0.171775288840826,0.109566696903644,0.170535089757488,0.229277531979644,0.183699929636325,0.25021805973224,0.150109520846159,0.146068975475724,0.187233001020739,0,0.112166607149319,0.106396278035767,0.11863826177845,0.0753004346426881,0.0814017308083945,0.166363141215209,0.12909254853578,0.224992628908336,0.20127662695533,0.122322839930429,0.127701295718911,0.128501517307797,0.203851493697433,0.196495615978446,0.122299632147636,0.228663147432096,0.181917745623957,0.164942011937896,0.123687428348572,0.108565030154601,0.304418851458921,0.247706118398462,0.134862321650601,0.122720411021873,0.227226927981933,0.165841005355457,0.206056522443675,0.192092839100108,0.195046072119386,0.178702840307644,0.269101860163152,0.236870144706953,0.160683434461172,0.130950062831236,0.157734602061036,0.296960013868253,0.289854582336073,0.338665975809265,0.222152100480773,0.214979675329008,0.214699153311394
"C89",0.251310331313387,0.296600454761379,0.323921996540588,0.292358746601678,0.309784534677079,0.188526946324862,0.270066318550119,0.160299545665825,0.131041422525249,0.0901795622542936,0.1497878945331,0.179303016148077,0.147592139172805,0.197207028089877,0.175220863218929,0.169792225844213,0.115934407014079,0.136420744537419,0.0996047516896471,0.243677031467676,0.134506518191629,0.0945315934074871,0.148503632849296,0.241084606154391,0.181266413311841,0.26997660566538,0.156401706216608,0.150483475537083,0.200079285058893,0.112166607149319,0,0.129570329679293,0.124048825493822,0.0905453497780944,0.136604320651034,0.170307439971096,0.150490138915319,0.214306818255748,0.213257561550365,0.136513627373824,0.127058797857916,0.0833657919623463,0.218697422530086,0.236919226967915,0.157912040290252,0.257528863902932,0.2276924784791,0.202965147601007,0.169764247732634,0.103079026724738,0.316740401351675,0.2467223172678,0.137135162474255,0.121087272713086,0.240664034375621,0.180068127954474,0.204181139776137,0.188985292089041,0.152214780069606,0.228429506723294,0.297023371316975,0.250610659489104,0.132348442739098,0.162411492113185,0.121946538100997,0.309148284553702,0.293760443004753,0.350108574520763,0.245279500803687,0.237480085759968,0.25191983016498
