"","culi_1","culi_2","culi_3","culi_4","culi_6","culi_7","culi_8","culi_10","culi_11","culi_12","culi_15","culi_21","culi_25","culi_27","culi_28","culi_29","culi_30","culi_32","culi_36","culi_38","culi_39","culi_42","culi_43","culi_46","culi_48","culi_50","culi_51","culi_52","culi_54","culi_55","culi_58","culi_59","culi_61","culi_62","culi_64","culi_65","culi_68","culi_74","culi_75","culi_77","culi_81","culi_82","culi_83","culi_84","culi_85","culi_86","culi_87","culi_88","culi_89","culi_90","culi_91","culi_92","culi_93","culi_95","culi_96","culi_99","culi_100","culi_103","culi_105","culi_106","culi_107","culi_108","culi_109","culi_111","culi_113","culi_114","culi_115","culi_116","culi_117","culi_118","culi_119","culi_120","culi_121","culi_122","culi_123","culi_125","culi_126","culi_127","culi_128","culi_129","culi_133","culi_134","culi_135","culi_136","culi_137","culi_138","culi_139","culi_140","culi_141","culi_142","culi_143","culi_144","culi_145","culi_146","culi_147","culi_148","culi_150","culi_151","culi_152","culi_153","culi_154","culi_156","culi_157","culi_159","culi_161","culi_172","culi_174","culi_177","culi_178","culi_183","culi_187","culi_192","culi_196","culi_199","culi_200","culi_201","culi_202","culi_416"
"culi_1",0,8.75568977285785,14.5023274952916,12.6595646871361,10.9748350159469,10.6455329577401,12.1699370599581,12.0318628853886,10.1278698121459,10.5597688068937,10.9768841278264,11.6435807817944,12.9062142951976,13.6273841865365,12.4334813072913,13.5031551720261,12.3421745562793,12.6689427195907,13.3560764383382,11.307287415916,11.1683266898832,11.481104327999,12.2388342911643,12.0715799466855,13.4970659750407,11.9543944511162,14.0376773996771,11.9660348341919,12.2816207058803,12.5387087232078,12.039276763156,12.6602056941207,13.4903452974683,12.8092335095774,13.4024195554547,12.2333687023794,12.5476504309334,9.83775126843441,12.776347147167,15.6923894613269,12.4416129329123,12.6913912795415,12.3597751604715,11.43047844352,14.0663027444338,15.3871253916557,12.4060566666418,16.622590462546,13.5458265979772,13.7243645366025,12.60140962089,14.003015346707,12.6740523563347,14.4410878229324,13.8098051078283,12.1515066641166,11.6210545719811,14.4811113108385,11.3105111139372,12.9548843900177,12.0623843363342,12.0174635792861,12.9170070426358,12.7284837869342,17.7942964474552,19.0951429304194,11.5660601213794,12.549939760231,10.6185157773654,16.1741788799171,14.1876547945378,14.6028622620823,12.4380353559872,13.493682126513,12.4337113836519,10.9109017551311,11.2662409483807,12.2789170607876,11.3515721834678,12.3154153489213,14.481506699753,13.8886625069936,12.3792799381201,13.5432977860857,12.9034146847185,14.301372785519,19.2659020375898,11.8884865013994,14.4660585330682,18.7294446986327,20.6133886599998,12.1743609661284,14.1531721836415,16.2419911867082,12.9066449426792,13.0140667142463,12.0966920380145,17.3669146051797,18.5458420766641,17.537742411457,12.2332688386337,13.4980962175082,12.6193752774204,13.7639111729111,15.0503488050859,18.3669907859395,15.0066493187064,16.0805637934075,15.6792376526471,12.7214527647901,27.0654237866121,19.4428446973725,18.2940945985942,24.4778691931473,18.155361827444,20.3485286524598,23.6771116063934,16.9224451731084
"culi_2",8.75568977285785,0,12.8230551978148,10.1115452342125,8.68281276952643,8.89166499869574,10.4195853381352,10.8899253264704,8.77678632624895,9.19944105747457,8.85328169702854,10.616397435404,10.8046820157382,12.8319303350401,10.7739795322831,11.8930047835566,11.3628370993777,11.6044408931477,11.5638446335832,10.0617529095235,10.3780174367481,11.2387633468235,11.4963723241343,11.2396596625756,13.2351892833647,11.2634209392726,14.4183820575229,10.3147737881947,10.9051013240188,12.4177683491409,10.5664238366747,10.9288627208996,10.9425798353885,12.2158270557673,12.3686240321248,11.1128792129412,11.4806203151887,8.12958296300592,10.1849519084812,15.739480145048,13.230466710654,11.0652514084492,9.97430832552595,9.59815490537586,12.129430424033,14.0466315964198,10.0360674701328,16.9012254234503,12.1628745750128,13.1717704993953,10.864975688761,13.7910192315033,11.2237566975255,14.8593785217715,12.6325081285564,10.5715133773815,10.4249929432894,13.5622279036928,9.71961681386625,12.250265977877,10.1817815793473,11.9436645017386,12.1580791393069,11.834257421741,17.1583057102032,19.8091795703001,10.061137792692,12.5436676469261,9.8300215075251,16.0469364540163,12.7579640519194,15.1529196440335,11.2989843924516,13.0511670199073,11.5169152921109,8.96262192567353,10.1448312580018,11.7358000142433,9.83154173070582,12.280736583253,13.2746447495976,12.6699481664321,10.1728229347711,11.7466007041434,10.1642336154274,12.2994189763918,18.8019544644757,9.82937326480617,13.6957032618097,18.2791470662262,20.2346608727999,11.3766318754808,13.1712929671655,13.3605911502971,11.0006919918722,11.7420049884262,11.462702219178,16.9508852299606,17.7342488868074,16.0271309473024,10.7096990538788,11.0074233742462,10.1471064471777,12.8104682023188,14.2078536393919,15.7054675729584,12.2791283851001,13.0431700663667,12.7110520102048,11.5667034871492,26.0631914788363,18.8553775919266,17.4916369768775,22.8706709049856,16.3084783108843,19.1479240745607,22.3772266576697,16.8070123301808
"culi_3",14.5023274952916,12.8230551978148,0,10.2538424078609,13.5125890831196,14.2856407703654,16.4003261192403,16.1083856848045,14.2397691718387,15.3706507088433,14.8059922754787,15.9645716931282,17.3065070528598,15.5852275536224,16.7859424531223,16.0503092774376,16.5099399123121,17.5695894927098,15.9750375508937,15.4010896946902,16.9124264828325,16.797546318406,16.653677741998,16.7349042488299,17.8915696723798,17.7180017994664,19.6306907140277,17.2111664733966,17.75016971553,18.2721399865514,16.5793310584192,15.3325919840881,18.3582772116446,18.3799215799324,17.1587427227271,17.0813959339921,17.0677532001384,14.9801130883469,15.3625065858443,17.7569883625173,17.8202511211471,16.2494638036607,14.9736472068998,15.6073950555508,16.6508852086645,17.1333874895456,16.4443949619272,17.2856482821943,17.6013496502178,15.2597456696048,15.7254322261123,18.024210653396,15.9571560081293,15.8670876124976,18.1214353519253,16.5976011038641,16.0933361477117,17.1061391667176,15.5561047815551,16.6333612057809,14.3194115773146,16.7100441842032,15.1787692399495,16.8011267826902,16.0372634794645,18.9869713555656,16.5076799538755,15.7612727216217,15.3285837823898,15.0809007324143,15.2498602409677,17.5306295871586,16.6388036066969,16.9306240540991,14.9491313392605,15.5761175925126,16.7242600559094,16.4815431104298,16.4469208313765,17.261477673321,18.9651911137846,17.0889854763348,16.3454614291989,14.8054848721882,14.6710668437466,17.2020140720354,18.139757934507,15.7978332040059,15.3162521785577,22.2451748451847,23.9376779399958,16.5355405174969,13.8142119092535,17.4361571855322,15.9007919256784,15.5909924755755,16.7129181902476,15.1265731035363,14.4731107688027,17.2053459703068,15.7866311523593,17.2819457624637,16.2230652484499,18.6586536851284,20.1155069057526,18.4017791768312,16.2006600332162,16.7076389595532,16.1436073605318,14.9045602620548,24.2461042093809,23.2506587039528,20.2999256659149,22.0944287520403,18.0140906848123,18.0892257712776,23.0989606713403,15.2125008989578
"culi_4",12.6595646871361,10.1115452342125,10.2538424078609,0,9.2443833855246,11.9232003250727,15.6709097648571,13.689435998821,11.7677221240037,12.7043321834886,13.0985089214532,13.8580788668387,14.5867299298307,14.7874022530054,14.0788723034737,12.6318912910454,14.2086696494686,15.0906364568072,12.0764713188605,13.0847882229119,15.0013295789172,14.8575117755776,15.2347987596843,14.7670611167806,15.6789260911648,14.5569296607348,17.4389087913726,14.6347361118776,14.9766146946674,15.983009599988,13.8257108894926,12.113982180505,14.9064469777117,15.9831405104093,14.8790129959286,14.1908984113433,14.5158855766749,11.491566497122,11.2156902550849,15.4532974136566,15.7665570830122,14.3754475963392,12.0278647148375,12.9968368422051,12.8448247272253,13.7559471128364,12.5526841719758,18.4177720197952,15.7676876512071,14.9550154707016,13.3347728839509,16.0683005016629,13.5985455767035,16.2911935974892,15.5361985326523,13.354883490219,13.5731211947156,15.9727449146683,12.3365335029538,15.4211053037986,12.7724627269142,15.2352092740183,13.7987545277541,14.0051657254483,17.6820014146652,20.4953626641296,13.6470190441407,14.1409965780453,13.1935035976493,16.3989486911978,14.894887673969,16.6957321229754,14.0892374173663,15.334729579892,13.0905504943056,12.5720406506908,13.5887139751371,14.6858963967986,13.7770215430747,15.4370381624059,17.1710404785895,15.8839891582771,12.2753528561992,12.6729008398055,10.1694701263685,15.8827541904499,19.6681039430722,13.7749012255025,14.7448420170065,20.1525626637326,22.0725733394424,14.0356741846928,13.338354279658,15.5371459762438,13.2285931996066,13.0808465131156,14.3579504496415,17.2302787456004,16.9083839965447,16.140372411292,13.1560857503231,12.9333783124685,12.8946104324616,16.7374040866465,17.6085519678964,14.8250891893639,11.236987761551,11.7636289945353,11.3842769209148,12.3947816573333,24.092178006021,21.3937262973468,18.6606560913589,20.1078817764306,15.2371508567747,16.8890876589262,20.6113652269114,16.5816376577212
"culi_6",10.9748350159469,8.68281276952643,13.5125890831196,9.2443833855246,0,8.68934020819736,13.3759070035355,10.629768800523,8.07592712939898,10.0866880520054,11.5557227289484,12.1452928506071,12.77973548534,13.8411548594027,12.5431344107351,10.3456954420125,12.5582035189704,12.4957159447621,10.1096859086977,12.2204075857115,12.9857945914733,13.657929731269,13.4439686249853,12.8525284027601,13.5066915386014,13.0117510521317,15.593820099479,12.2673882860621,12.6924464861862,13.6954002771666,11.3073451526053,9.98599181350986,12.1291639713214,13.612482408902,12.9764268637444,12.0078084815105,12.2968500515621,8.65387918875126,8.56699933512691,15.7349801108846,14.9413849692038,12.0531406274575,11.3215317420362,9.88237163900026,10.1125523861001,12.112022390059,11.3997360369156,18.5018572020844,14.3541684639603,14.8355414409157,12.3145080372836,15.5590484160558,12.5382786483653,16.7055603014955,13.7938321464698,10.9081277733572,11.9435110437404,13.7612949494679,10.2112021053453,14.9822751243348,12.7235389007053,14.0587664385845,14.1280289713659,12.2381345248992,18.683890617967,22.0527268577314,11.156329199485,13.9261819947322,12.21207886071,18.6691336662583,15.7193586314083,16.5850744253618,12.2054449471267,14.2066457824471,12.5326483366474,10.5288330292523,10.6548546875019,13.1323905465231,12.1987782461058,13.8364696895804,14.9046102476724,14.2151260176846,9.29130405377584,11.101217824258,7.39171188301426,13.445392787722,19.6520166348466,11.6555499111598,13.3742519563509,18.051394835472,19.7872913646811,11.9533810773428,13.5274648485826,13.7237360158927,10.2418454452953,11.2548964763561,12.2590908918476,17.9946636445156,19.2376746256313,17.133650692154,10.9900289130981,10.4980718714933,11.5928443860823,13.865559737787,15.1955376386432,13.7911273277233,9.71535628404077,10.8306620083924,10.0917694288834,10.4576646567462,25.8249422021864,19.6160286774896,17.1370115949355,22.9119229791785,15.8349821722367,19.4841036442256,21.9505640204315,18.7407666259497
"culi_7",10.6455329577401,8.89166499869574,14.2856407703654,11.9232003250727,8.68934020819736,0,11.5386408783224,8.16225972822211,7.5080922142639,8.78031957019603,10.1616718674055,10.5364877363644,10.2810484053314,11.9267976426307,11.0127129334202,11.5231336598039,10.7083083324567,11.4653669769014,11.920289929316,10.9944929968341,10.7766424765555,12.220974392841,12.5263981916817,12.641343671059,12.2958872092625,12.1536930130732,13.941569821406,11.7015410020595,11.1421803616047,11.7709378531037,10.3881460364267,11.157964753682,11.5994154241667,11.4349275633995,12.3541197197616,10.5886278521847,11.7698313715782,8.79766394481956,10.4905389742223,15.5091509598363,13.405491026942,11.2605129032168,10.8745387383306,10.1514782174343,12.0301846599299,13.03416958087,11.6711632297246,15.4582419813504,12.0357028432367,12.7356735059745,11.1435342730085,12.6847910738782,11.7494597034232,14.7993484914159,12.2958573436285,10.7896717714244,10.5414545236974,12.8634834177132,10.1505608303662,13.189647742351,10.9094014410112,12.0379671074919,13.5021311959498,11.55735090528,18.1459752550095,19.8329162269934,10.5498169895207,13.0804509959404,10.7047946419248,16.9042023396138,14.2403940492685,15.1153787263476,10.2465216239664,13.6717749599548,12.3077012472555,10.321973689252,9.98058634323849,12.2958600429396,10.2629351247401,12.6359067475134,13.1503263905562,12.9010017495071,10.5325970959681,11.6884315187061,10.8382204160532,12.8782072225205,17.7995503383924,10.0390270221815,12.3594285551105,17.8489576492138,18.6409347324379,11.0207143362536,13.1882326741555,14.5217472162232,10.5099939441239,11.2352454301152,10.7371274292023,15.6557960434132,17.7160027928953,15.5712027374353,11.1454182739069,10.7600663491156,11.3972013788463,11.7317504601823,13.1517414976361,16.9839888850934,13.2809868433982,14.1852928603564,14.1091902158425,12.207545485944,27.1997270911322,18.8663676177943,16.2561652871464,24.6315229637074,18.3285691250393,21.2166310890687,23.1642274400433,17.6101036884752
"culi_8",12.1699370599581,10.4195853381352,16.4003261192403,15.6709097648571,13.3759070035355,11.5386408783224,0,12.1193859966794,10.7819047946233,10.6610617902636,9.77160001912867,11.927223215806,13.3168744788189,13.5788667993016,13.0586052202255,15.1430476735825,13.877163128586,13.474924717425,15.2219730134249,12.825086112768,11.7412887392224,12.5849522097696,12.6997796767663,13.5257118458377,14.6146246800935,13.5880856566999,15.6388104547521,12.8907247155165,13.1317421465235,14.2629176901569,13.1842352639235,14.8421134050666,14.1605085988533,14.1051628023319,13.8105947772056,13.5598308654379,12.5550001654923,11.4570878858175,14.4036725230248,18.1410770054504,15.7562651879768,12.7570552208164,14.2106252186066,12.6278309089986,15.6068714488484,17.9724121546781,14.456426251718,17.1983477259293,13.7711465947541,15.2718577154795,13.5287435397101,15.39295886928,13.5717305344578,16.1621068075583,14.4340955178925,13.3159719647891,13.8118665707521,15.6369257619228,11.9762444743617,13.0684520956877,13.131436903624,12.6274108084857,14.4164397964294,14.4866334791212,18.6560420204054,21.3053323184808,12.9235563350351,14.4418959946371,12.3871488136623,17.6062418595938,14.9138894452393,15.7353594140976,14.4723351783568,13.9644382907053,13.8740674733594,12.3392521107845,12.6156680391824,12.3824690259488,12.62101336882,14.3082865137557,14.335081735281,13.7518030303962,14.2288461865587,14.0051876651346,15.0989027477692,13.8064026390953,21.047219129773,11.6728365071075,15.2855480679814,19.9939500366498,22.1252551013519,11.8426574819081,14.8231102702792,17.9784912103625,14.1758145291691,14.4474304601588,12.2144176376,18.4493125816977,19.3444261382591,19.1782263607996,12.7647214609216,15.3965900509155,14.7131814864623,14.017296000439,15.8868717924478,20.6544914487523,17.4614641682076,18.7933743336148,17.9016213770205,14.300473179022,31.066955715448,20.431242686446,20.0006172374668,28.2884863122352,21.1829839804814,23.7954307805201,27.4308833919242,18.5740228105975
"culi_10",12.0318628853886,10.8899253264704,16.1083856848045,13.689435998821,10.629768800523,8.16225972822211,12.1193859966794,0,8.21578107899353,8.60005474503906,10.5501798507684,11.2363224947991,10.0114758553577,12.9825742506985,11.3795968010559,11.1403841499103,12.2922993179468,11.39272546257,12.165090804016,12.0052410740943,11.396155481116,12.227915890438,12.3996989701661,13.0612076052861,12.668839563501,12.146911103988,13.3249004953612,11.9369869420606,11.2147177703666,11.9473705109951,10.6305223719119,11.5832506930226,12.7515067686814,12.2390054012001,13.1746412316611,11.1899889039512,11.8884158022086,9.76713001490322,11.1294262152272,16.1730643647663,15.179610619083,11.6983537253105,12.762859856632,10.6922992162183,11.6263347588624,12.8489918066458,11.7074422155321,16.0619901603401,12.3907448080916,14.1103368212438,11.7487922050812,13.1788278028668,12.4191659228906,16.0936684168356,12.6111752008699,11.6201709917884,11.4180572069452,14.5410346010844,11.5887013615115,13.7202462617323,13.4158924062364,12.5944139951196,14.4222699458848,12.2496217743807,18.1166734879355,20.7672250239105,11.8045892378241,14.1960577203565,12.1152531424465,17.7812840980087,15.0215270695917,15.7583483138835,11.6869876970326,13.6899992909033,13.3447869952767,10.9758917081706,10.689421902059,13.1614494498063,11.3472057309456,13.7320969784023,12.7081112071753,13.3356685329258,10.5749037740617,12.5030798048441,12.2468797110451,14.5480262277798,19.6367719546828,11.1698208551204,13.3811945611295,17.605690865379,17.9089679453094,11.031314653895,14.2603975065314,16.9912991393264,10.5914639902768,12.2800973358376,10.113854237136,17.305524438139,18.7985748526395,17.0306075184455,10.8924410824351,11.328563228569,11.9636837042893,10.5750523533823,12.2679299651179,18.4374158013787,14.6055268238099,16.216247320369,15.2767004248703,12.4978061029137,28.4574357935575,17.8971342759577,16.8510747899216,25.2906524810882,18.5693116726311,21.575839090296,24.0172119547135,19.1300563642101
"culi_11",10.1278698121459,8.77678632624895,14.2397691718387,11.7677221240037,8.07592712939898,7.5080922142639,10.7819047946233,8.21578107899353,0,7.68768357131137,9.26219044078695,8.87365034183228,10.3593566631667,11.2046035982971,10.1967000177924,10.7086967216165,11.215354854802,10.9819550564185,10.843028766328,10.7158635359705,10.3698426011621,10.9869857363974,11.1918008441398,11.0287815119795,11.9057731632632,11.5192709996858,13.6237445610663,10.3489140648541,10.4969281528903,11.6617134056013,9.24142714431567,10.5820524454179,11.4122577413418,11.5878382473492,11.2123997454324,10.4259702716679,10.2917988500964,7.7343220846808,9.72336897772085,15.1876474750536,13.7617105339579,10.4289701163803,11.5690359683166,8.70895601573809,11.5349058779845,13.7479681959913,11.1071603210307,16.5363178544081,12.5720812986046,13.5579052577703,11.1069916435658,13.9683744584253,11.0334267440731,15.0535333233952,12.1881861001345,10.192018665111,10.5990311041768,12.8105700800311,8.30925341316056,12.2452355039237,11.4537618534418,11.6602939808605,12.9608792245679,11.0877856890244,17.4808169633053,20.5215096629276,9.9480366722405,12.5550775787453,10.9408705430311,17.1574687266257,14.1860495328754,14.9639157113838,10.6144268817105,12.3743644493818,11.2254505764553,9.15287665947975,8.88932863831985,11.1575400274368,10.1668788099176,12.2132622512682,12.4292123448942,12.228058513781,9.86268747641873,10.7058834395004,10.2410645743706,12.5588860169004,19.0345334993626,9.76308461995312,12.5001925696192,17.0819325980707,18.8493644501016,9.36664071160341,12.858649576817,14.6568740130396,10.4682848404148,11.0923470224061,10.1547315209036,16.9797963273317,17.8608154037436,16.3639083097492,9.56164575045851,11.4769245740469,10.976172538539,12.0344550469983,13.5433232742832,16.7121092207267,13.1929327727563,14.416895835069,13.6243713391281,10.9113309111483,27.6169726856468,18.5858192023547,17.1886649470426,24.8867923397598,17.7755914409159,21.1384308535795,23.961173412369,17.8365068014851
"culi_12",10.5597688068937,9.19944105747457,15.3706507088433,12.7043321834886,10.0866880520054,8.78031957019603,10.6610617902636,8.60005474503906,7.68768357131137,0,9.61957226174808,9.53328420877259,10.6054229844211,12.6693944917088,10.9028223382599,11.4457067227128,12.4446871503177,11.2924102914771,11.5894547090402,10.5388845272729,10.0196775839681,10.7738636661347,10.9248295029888,11.5451613582864,12.0497165525267,11.2442375992342,13.127654105453,11.217127347527,10.6401392208817,11.492559805381,9.61730506969647,10.931272529052,12.40561137142,12.4271182409364,12.3057501364506,10.731995095344,11.0940833147959,8.06504844152905,10.5186874227947,16.0315069097592,14.1715416033494,11.3207587626026,11.547490703995,9.17066806623046,11.9476509190131,13.8397504565128,10.6625766068534,16.2752821893894,12.755463424798,14.1427616809108,11.1543494522998,13.2729453463697,11.7063627026779,15.2781317037737,13.0370034254934,10.2833630826143,11.0900242731818,14.2227829209565,9.67274715986141,11.5536396465695,12.0594684932905,11.6523259753799,12.9354046635791,11.2462561091935,18.1079269302253,21.038882148073,10.4830129496519,13.173108307775,9.54344179445063,17.2657618650766,13.7852264982795,14.5006598657888,11.2770715111352,12.4585653768844,10.5829433856939,8.92096011622891,9.68943402997384,11.3391860051951,9.60704397986984,12.170987818768,11.7098613591985,11.2764790954897,10.5079817907164,10.6223671526426,11.3826013898498,12.8679915260412,19.7901447837808,9.16335213635072,13.1691895627311,18.1684388900362,19.1407545846815,10.0475743385127,13.6919137341269,15.8855633287963,10.5125864267554,12.2982293568909,9.47333699867428,17.4508813790668,19.0044948188162,17.2098211208654,9.61051256282451,11.8616864108741,10.8851223801066,11.327241667666,12.5462510116372,16.8889041614805,13.4136096583015,14.7157869251783,13.7271273886135,11.9140411984879,28.0065176481654,19.4702313645401,17.6328166988863,25.2716677110762,17.6648003692881,21.2238286095092,24.295107880984,18.1888084866578
"culi_15",10.9768841278264,8.85328169702854,14.8059922754787,13.0985089214532,11.5557227289484,10.1616718674055,9.77160001912867,10.5501798507684,9.26219044078695,9.61957226174808,0,9.69738304846613,9.94455417045996,11.306758773977,10.5935246907209,12.1688253888686,10.8136667765532,10.536827095013,12.8426596035972,9.9538531489884,8.87433670113052,9.39295039276729,10.0687353722728,10.3878706619551,12.3854660039383,11.2887254143032,12.8518481285442,9.7739825875655,10.4749981036231,11.4496700837983,10.5933347601936,12.3373936156722,11.6560275618451,11.3695412366264,11.1237815718632,11.0392589908316,10.2795542350073,9.5161822479034,11.2920914165044,15.270789458629,14.1518906155252,10.5510202020207,11.4873882640748,10.7370203069921,13.1874055898509,15.011252260327,11.4930206574713,15.4806456626009,10.5807082666988,12.2494820150059,9.67176680078452,12.2246956224942,10.8637497352758,13.5301699092308,11.3594485427416,11.2339761088613,11.1820876772527,13.5738934487379,9.90387073467899,10.9682681716447,9.77841302450157,9.89351670461816,11.1709506588291,11.3052046735151,15.5915414919295,18.8111683313211,9.64060026461529,11.9385095835382,10.2140665017459,14.5814047698301,11.7812959083731,13.1789716635709,11.3144296308276,11.7791497659053,11.699147367905,9.62727436281767,10.319339853895,10.9421079995335,9.53965223181581,11.9663546059772,12.6758030320043,12.835704858635,11.0875528116346,12.8659604271389,12.786486598064,12.987366267754,19.1139935132165,10.8061183249462,14.1618835411199,17.5688036081154,20.0632982403663,9.76399500716509,12.6522201738879,16.0608225125901,11.3623826479102,12.0622921027728,10.3233212269424,16.3165189905378,16.3820231400346,15.9201949842373,10.6637748571212,12.0720713469456,11.3837618959263,11.5981730552838,13.0488773874602,18.3331778952152,15.272079079812,16.2917723594528,16.0078401680122,12.1123186309655,28.311186215518,18.1754079941611,17.8947450147539,25.275340288467,18.0298405287483,20.2658617499653,23.8635795875949,16.1135409908892
"culi_21",11.6435807817944,10.616397435404,15.9645716931282,13.8580788668387,12.1452928506071,10.5364877363644,11.927223215806,11.2363224947991,8.87365034183228,9.53328420877259,9.69738304846613,0,9.81098567569442,11.3228321665453,9.21619990081308,11.9180568491663,11.1585090898814,10.8423341373572,11.7583018592541,9.51825179297317,9.91399077687187,10.0413270117653,10.8969601348217,11.1289024308938,12.0868662990469,11.3663196712516,12.6671363920129,10.1669887219363,10.4313665025864,10.7616354045603,10.2198744031734,11.8560663001331,11.5623630138611,11.8494558727766,11.2175718540524,10.0039640481051,9.70097637501724,9.3464305417218,11.1456943920204,16.6967508727217,14.3140203814674,11.16653295243,11.8475123231901,10.7344225854671,12.9519047991794,15.101147832145,11.5322921177123,16.1944404302445,12.6026830802256,12.7777637617356,10.7047649581161,12.7772304219955,10.5024973800708,14.6468950731196,11.7208107287449,10.9894450142787,11.2798031613146,13.8688477042434,8.8948038544976,10.5525947012873,11.0500157685262,11.1702918490617,11.6920956431488,11.0305507334807,17.5779462588217,19.8394565859342,10.3340418885332,11.6249474544687,10.3689298971256,16.2885442630346,13.3436804555887,13.456655195505,11.2242124723779,11.3972615769496,11.2382324273285,9.44288656221225,10.7781228875536,10.926072457522,9.58264871211336,11.8962581076425,11.5685735906607,12.3524596177262,11.3306303846068,12.5681272249131,12.7549147856218,14.0222883707631,19.573223095451,10.4748793911185,14.1204240260139,17.4176017865314,19.9942178431419,9.49643397118598,12.5348942993716,17.085415590898,12.4809259158883,12.6416388455616,10.2672224716189,17.4298035686982,17.6935124653102,16.4087914653187,10.7161163752968,13.4899449348876,11.9813943441344,12.4906603257028,13.3694055726236,18.9163394029735,15.6477888800583,16.6376357559146,15.97088040218,13.3742651913448,28.0534136258994,19.0880442048943,18.3447521079346,25.7481372676943,18.3089879414851,21.2233206596579,25.0591205494927,17.5180770503925
"culi_25",12.9062142951976,10.8046820157382,17.3065070528598,14.5867299298307,12.77973548534,10.2810484053314,13.3168744788189,10.0114758553577,10.3593566631667,10.6054229844211,9.94455417045996,9.81098567569442,0,11.6371879415958,8.62025263819704,12.4715339561668,9.9550415370416,10.2589149462443,12.9362010479408,10.3673274794549,9.75009619076123,10.8715599089077,11.8675381097872,11.3043453403298,12.1885078932091,11.1824512367566,12.637368648594,9.59500564237484,9.58363872998783,10.5997473268744,9.99453196426365,12.4060928826448,9.4931241964542,11.0976095491138,11.9244006246832,10.1638832551398,11.178902604234,10.0352097675092,10.7375377407926,16.6008932977313,14.3536944435013,11.6903663137333,11.6826879205402,11.2968666418479,13.3614613145641,14.6140048191533,10.6403464338065,15.8434310234733,11.0891494351568,13.4652564590515,10.2012112372292,12.3888805035389,11.5963676515108,15.7035745216428,11.3850713064576,11.5990535465495,10.8267350129414,13.4842465430805,10.6729311228668,13.1035966861574,11.7588643000733,12.2000237101451,13.7935470759396,11.3669195299896,18.5445518155377,20.7867452725472,10.5981348177191,13.5128255606114,11.7857801842844,17.2742409698768,14.0551147086172,15.491792988583,10.5359523412367,13.6075819283101,13.4255208109475,10.3420154447061,10.6688480620529,13.065340423435,9.94934475729357,13.0777078453851,11.995805239055,13.4410108202494,10.3999799101186,13.8249282288433,12.9939405310135,14.4023092640264,19.7401914822814,11.4001762530929,14.7466585326492,18.0435259047004,19.3182262099645,11.4418170831275,14.9291766403852,16.6813836154479,11.6888521874153,12.7274482537696,11.6803413763385,17.8363437728606,18.9584439615759,16.0042092768524,11.7322580199649,12.0029539383541,10.7511384898224,11.5457625034296,11.8943040107366,18.5588644541529,14.9990719779638,16.3871486937353,15.9503052774838,13.609640956481,28.9437903668261,18.4918054961047,17.6432965832603,25.981381272728,18.8125625423555,21.867617760879,24.6836844799883,18.476436459765
"culi_27",13.6273841865365,12.8319303350401,15.5852275536224,14.7874022530054,13.8411548594027,11.9267976426307,13.5788667993016,12.9825742506985,11.2046035982971,12.6693944917088,11.306758773977,11.3228321665453,11.6371879415958,0,10.0975898403092,12.8070870020141,11.1601213483757,11.543072205711,13.5751153885445,11.4354526492731,11.3291448745204,11.5691929786162,12.1722740136417,11.8814276264237,11.9858502639261,12.8705515947633,13.3002341880639,11.3265708901838,12.1861193583698,12.4255022968344,12.6286610568598,12.8111541779569,13.737196539499,13.1306393788836,12.3439337945641,12.8348820539376,12.2586648857243,12.0556931396073,12.7657374714736,16.8835032205542,14.9658997027134,12.9552676770177,14.1132837316268,13.3630473017411,14.2389292273064,16.318358227548,14.2615849776461,15.8289998945401,13.0474076878782,13.4346155908043,12.3269293544744,13.4902088439417,12.4267997988711,14.29946538511,12.7013827140723,13.1048217878459,13.1004722427082,14.0637745314967,11.8912264836224,12.3569796528866,12.3727644351062,12.376833558743,13.3086387355379,12.6638948030369,17.3698848492032,18.8127856442715,12.060851748797,12.8420877382958,12.3745865716701,16.3057710038421,13.7389578382871,13.894815081879,12.699128822735,12.8441126122005,13.5740280732544,12.5912547515636,13.1420778765168,12.7083214034285,12.2838831925895,12.4042445869585,13.7460762838072,14.4520917241828,13.280107575501,14.2940325447089,14.2819858649738,15.9307189687918,19.7670273518704,13.0001270298386,15.139344949261,17.7673651652038,18.9217586646044,11.9032441173181,13.9478935457926,18.0148837229033,14.2400972557733,13.5650113304193,12.9130989640284,16.6128772282847,16.0603291273405,16.1880368564672,12.2329791718817,14.7758359019144,13.5509989189012,13.4277492767805,14.7371184618652,20.1685514628787,17.4041538812365,18.3449754628249,17.6251532371711,14.4907892541211,28.2093798132306,18.461925458813,17.6677753870647,25.9107495494013,19.7112940445069,21.7719819499148,25.3174455956185,17.3441819706714
"culi_28",12.4334813072913,10.7739795322831,16.7859424531223,14.0788723034737,12.5431344107351,11.0127129334202,13.0586052202255,11.3795968010559,10.1967000177924,10.9028223382599,10.5935246907209,9.21619990081308,8.62025263819704,10.0975898403092,0,11.8389616827688,8.30913806356573,8.90610905921397,12.0714241784403,9.74181012656262,9.33441094760299,9.94795986289023,10.9708667481438,10.3474773867016,11.2972626541278,10.5319544517847,11.9984939573439,9.60887382471383,10.046864307905,10.2874192384869,9.86739847921816,12.036476265183,10.1959820443354,11.2534212933156,11.164653768006,9.56254991221683,10.3805303659507,10.4398859120343,10.7977784022101,16.2417446111654,13.8010229312727,11.69937886242,11.9302543581991,11.1897797516967,12.8936696282819,14.8411338531127,11.7501417524301,15.9891214538859,11.6866148721071,12.9131946167396,10.72877528966,12.5542533360547,10.429084926479,15.3083563331774,11.4371284076173,11.5413235034726,11.0660823343669,13.804310114245,10.2715007080124,12.1963267313789,11.8822917987575,11.9575627431703,12.9396112801913,11.6414832447721,18.1629821756031,19.9329095766116,10.4714211357295,12.2783612747507,11.3158841474295,16.7771820152181,13.9131358108707,14.1195882125179,10.8669473891669,12.2391589379576,12.6485341797152,10.157257904885,10.911721424976,11.8838077360456,10.1775631932237,12.5523051598563,11.7141009809561,13.1952310374971,10.8137367371279,13.6964277219763,12.7956662766835,14.6871391622942,19.9608468284674,10.6509819911167,14.7801010233399,17.8961821121678,19.1899220103318,11.1946615442499,14.1506908752957,16.6132796838976,12.8232082091372,12.8181582225692,11.4034633736285,17.9525230560719,18.2423372701905,15.4036051007379,11.388883939145,12.8262623771762,11.2936229407545,11.7352695514174,12.7469955359661,18.723159177239,15.7771800615713,16.5742913312084,16.2509627766164,14.0960123055709,28.4661529890844,18.3978378397212,17.5977272112144,25.6029366104333,18.4810667454295,21.5351459275036,24.7453195277022,18.2388896994237
"culi_29",13.5031551720261,11.8930047835566,16.0503092774376,12.6318912910454,10.3456954420125,11.5231336598039,15.1430476735825,11.1403841499103,10.7086967216165,11.4457067227128,12.1688253888686,11.9180568491663,12.4715339561668,12.8070870020141,11.8389616827688,0,13.1443557727109,12.5488625649917,7.3504871430217,12.3468408150449,12.617469919562,12.1714531629461,12.6733332991062,12.6185963665225,13.1483875300042,11.9363826275776,13.7393837031305,11.4578777164429,11.8797800822342,12.1151199149172,11.1678427209569,8.05112241977607,12.7084689802638,13.54301741665,12.705790483289,11.9006806198296,11.910758705986,10.5738170831244,8.62810052417166,16.2134661274751,15.3015909664429,12.2156483413288,13.0878728146836,11.7460546771083,7.59150457144721,9.29852755085374,12.285077778064,17.6939408849272,13.5087931453946,14.5311228752778,12.5448079036266,14.4717655148175,11.7194435943245,15.9853067666425,13.0726076490101,11.3044906273376,11.4621616116968,15.0368891237508,11.2911320788664,14.0325333097403,13.1708360061161,13.6967086523507,13.977398601288,11.706430345105,18.6058643829607,21.6995451866428,11.1758871964102,13.8441980806221,13.3825163033297,18.5217369954373,15.3357454692586,15.915774380969,12.2204282741615,13.4041800541089,13.6671458109723,11.7334508991806,12.0709579408768,13.0348253121019,11.8764930655894,12.2289526664605,13.2587280824809,13.7734164829945,10.3006436033167,11.9732316241916,10.4111314185034,15.3235018419942,20.5959981997617,12.193308676648,14.3577433760863,15.0088734063766,17.0103392883282,11.2846864911589,14.3121212265415,17.0098356806332,12.6456501490303,12.8915307793738,11.3327464948332,18.6748832763944,18.746709357648,17.9633296415089,10.5831579120253,11.6557257725536,11.6610724770734,13.1171583394226,13.9816682871269,16.5438298437677,12.8037943154168,13.365559880785,12.830091793869,12.2806662768814,27.118771229957,17.1989988047493,14.5260444704882,24.055249268909,16.2450454364989,18.9673385672256,22.9173171154685,19.3010969953095
"culi_30",12.3421745562793,11.3628370993777,16.5099399123121,14.2086696494686,12.5582035189704,10.7083083324567,13.877163128586,12.2922993179468,11.215354854802,12.4446871503177,10.8136667765532,11.1585090898814,9.9550415370416,11.1601213483757,8.30913806356573,13.1443557727109,0,7.97721118049894,13.1195864032409,10.5318944782775,9.72076481315498,11.6027312479208,12.4984216791075,11.7152912036805,12.4893063087814,11.8711133135764,13.0036582304432,10.931834440853,11.0086828985584,11.6854676127959,11.2245420246052,13.2389380063952,10.9872241059892,11.3157418742652,12.0573932234422,10.8609143953291,11.5931566748836,11.4501307202356,11.5742614678255,16.8315840150638,14.0734042416101,12.6275377296363,11.4998498991662,12.1742594101815,13.3610214607438,15.1317303540755,12.4770474845044,16.0268384149227,11.5450475771227,12.0312267486911,11.2367086561585,11.7975685032723,11.1602124735864,14.2806275704593,10.7847187987932,11.5193587795921,11.7374045458569,14.4182881853117,11.4338809539809,13.533585668032,11.0821197114389,12.2003780306227,13.0821996896051,12.2005925246013,18.0147924154631,18.6833556897785,11.016711780007,11.8820319529152,11.5521422313527,16.5333797647129,13.9337588065912,14.258163676289,11.2403348131952,13.1668545710604,13.3307042742867,11.9985342271098,11.4965330507697,13.4823268168405,10.4686293994892,13.0823177312518,12.9436321343276,14.3783395252713,10.1488415841517,14.6320611504578,13.1638074934417,14.9181396024718,18.7744900034992,11.9207867421382,14.7703211351965,18.0302183506655,20.0235698044385,12.103425281935,13.7231579374597,16.6341640476269,12.948605065666,12.3139073287944,12.206365955974,16.7508690561394,17.8348852241734,15.1466137416705,12.3505003526457,12.1203010645286,12.4198654643947,13.0728864371881,13.1075274561453,18.9010318805904,16.4220291526057,17.1223223336355,17.0509869011158,14.2045933904583,27.4890678233989,18.0940417126326,17.9316560233578,24.9999224382144,18.9909315034084,21.9047143146687,23.3221225854855,17.5996157103387
"culi_32",12.6689427195907,11.6044408931477,17.5695894927098,15.0906364568072,12.4957159447621,11.4653669769014,13.474924717425,11.39272546257,10.9819550564185,11.2924102914771,10.536827095013,10.8423341373572,10.2589149462443,11.543072205711,8.90610905921397,12.5488625649917,7.97721118049894,0,12.6396851819666,10.1285397812031,8.96853388680733,10.6192373682101,11.0568857959909,10.7030326735935,11.7999103232076,10.772546731726,12.0441348802798,10.1410833110541,9.44318377224095,10.543241114438,10.288997888594,12.7179469000047,10.930550915336,10.7693079008233,11.4219609038625,10.5127803916474,10.2675477930115,10.8603195276374,10.980148029901,16.3152550325299,14.1816079199184,11.6019357725995,12.2799635445246,11.7630481752941,12.7365953716257,14.9641613235813,12.2173622853621,16.1652369662397,11.2880963313298,13.2940741305464,10.7355366712348,12.4122966792675,11.4895375047655,14.5105401237846,10.456067407631,10.5435298707031,11.5514310527594,14.2607451862721,11.234231890236,13.234847014258,12.3784661744399,11.9626527371551,13.503127668197,11.5518274832566,17.8090148689146,19.7193077182125,10.9359156202003,12.1102462466437,11.2996854175077,17.3261876623862,14.6381537007685,14.304946005937,10.9778610588829,12.6998320851679,12.8759789705401,11.1402805841219,10.8834136102887,12.392731791341,9.98489144189311,12.8685764026286,11.8717058117049,13.4244782901961,9.83796752195181,13.9180146999525,12.72264729696,14.3627723719985,20.237091280242,11.3983659429425,14.9928627155765,17.669416157705,19.2955413324343,11.4327118933027,14.3927216648435,16.6711632991619,12.4421354993268,12.4708892523831,11.312000667511,17.8611938099854,18.4672298557336,16.116565007301,11.2096635680393,12.0115544698218,12.0984436333171,11.4341319821488,12.2933152899735,18.2025715389941,16.0470798526101,16.7785380157424,16.4855712118285,13.8491882124323,28.3441937210652,18.2155950024627,18.0716097112786,25.5935101798091,18.5897278609947,21.9513364004465,23.5064679693244,18.5654761812939
"culi_36",13.3560764383382,11.5638446335832,15.9750375508937,12.0764713188605,10.1096859086977,11.920289929316,15.2219730134249,12.165090804016,10.843028766328,11.5894547090402,12.8426596035972,11.7583018592541,12.9362010479408,13.5751153885445,12.0714241784403,7.3504871430217,13.1195864032409,12.6396851819666,0,12.3398413764773,12.8045869613755,12.416724959949,12.766162496276,12.2221279396865,12.9028805586831,12.1774954272068,14.5190484369899,11.7454833758069,12.3478523213384,13.5508973334818,11.4454031131487,8.61826070660489,12.9204821430936,14.3335776704437,12.8747557353424,12.521883935133,12.1150879759339,10.332093586751,8.33745340914666,16.4803055596477,15.2035692176181,12.4568259928808,12.4998380695274,11.3958124850271,8.65236623383107,10.6111279409345,11.7485663965735,18.6636423836927,14.3416882153737,14.8809172513558,12.9859222281333,15.5881727847092,12.001492504792,16.5022654598884,13.5924494699943,10.5694378448508,11.8515525392633,14.6060080613464,10.6373758512732,14.0452337979549,12.9184250428103,14.0008139714889,13.8994584997505,11.5272949501162,18.6068894613952,21.9348862744105,10.8051743120285,13.4853799247808,13.1922458050498,18.6217926614561,15.5525506445941,16.2056257110774,12.7436529265196,13.3936777689828,13.4467884444075,11.5773928761928,11.661340936476,12.8289574451408,11.5955139107087,12.3818414229965,13.7017987257276,13.5003573559212,9.9268493018723,11.4695859046442,9.30588666450392,14.8732241742314,20.4801093299741,11.496475194198,14.6130529240472,16.3987979146106,18.7474870189738,10.8142376541859,13.8858421407685,15.9431501165435,12.3665803796015,12.8700971008747,11.5804652787305,19.0822487956026,19.2476099721334,17.638035196476,10.4320318199122,11.2350251971178,11.4348014416543,13.8004120944508,14.8792415546809,15.7642983423603,12.1691762071238,12.8490089374229,12.1377691329183,12.1936766236718,26.8070226000395,18.6466163250712,15.4209583424874,23.5399865245525,16.0202624639718,19.7733328930373,22.8967021572659,19.2825529131051
