"","C1","C2","C3","C4","C6","C7","C8","C10","C29","C30","C38","C39","C42","C43","C46","C48","C51","C52","C55","C59","C61","C65","C68","C74","C75","C77","C82","C86","C87","C88","C89","C90","C91","C92","C95","C99","C103","C105","C106","C107","C108","C111","C113","C114","C116","C117","C118","C119","C120","C121","C123","C125","C128","C129","C137","C141","C142","C143","C144","C151","C152","C154","C156","C157","C159","C174","C177","C178","C200","C201","C416"
"C1",0,0.40013253251998,0.542657614395705,0.625282557016829,0.570564551028192,0.444478289524497,0.385818454201269,0.517705637980687,0.536256246207519,0.475132530946856,0.49102800023033,0.435846081539962,0.456652357870218,0.501884660336036,0.487512012556122,0.506817672029729,0.548410241451267,0.500978545418494,0.463744500265458,0.612759422045287,0.552802903415677,0.500107246364276,0.565553251858853,0.49825717104362,0.629701611658537,0.535691293841345,0.510139788663158,0.65364502968063,0.529007852059498,0.530098596351495,0.518802032208656,0.52499715836952,0.520589843278914,0.482124847397568,0.533167141395142,0.550015034274293,0.532031147024403,0.518614914316267,0.493823870320668,0.543671969109879,0.504518738979615,0.541510906848587,0.600095823293571,0.579055913929631,0.45903764748593,0.427342978716067,0.482546613843625,0.4789061919671,0.498673633397286,0.52906049582471,0.535367816105495,0.498848693145795,0.534799584434562,0.471010428949298,0.677899237992491,0.523884605466158,0.605066463343288,0.582716767617018,0.570991956113534,0.552089346364428,0.589554212999848,0.585259605499054,0.606350605659243,0.606295484364215,0.56598974593157,0.720271884435983,0.717025527049925,0.699137777353446,0.751835082358014,0.716865245574456,0.520538140056068
"C2",0.40013253251998,0,0.498799221696297,0.516934968095579,0.439683548542496,0.411571820392541,0.395880683824164,0.520087462796309,0.561593568288085,0.516646942982251,0.484833508501864,0.471662509016887,0.531328815603363,0.548208467701914,0.535886031147549,0.559578750033773,0.579372520683119,0.515890373307229,0.529697337838453,0.609307192016131,0.488148957781507,0.508579043883638,0.553061822386574,0.477433199637712,0.589630634144374,0.5712532140541,0.480188540648065,0.622201655569961,0.468396836105103,0.567998134009562,0.535773383404196,0.587166453618145,0.522531402021769,0.521191258854557,0.582171001615481,0.552666643400301,0.56081876672965,0.470908844804723,0.555428231813182,0.498925017922896,0.556143510498198,0.551045258703805,0.635306639134552,0.645247489259764,0.523196497678668,0.454621627173968,0.552919252709553,0.481404800103072,0.57485815015427,0.5262469878595,0.52045939498351,0.476775928785572,0.489678182356815,0.52422743310308,0.598405686455422,0.527857273986741,0.649009936366441,0.643272046695734,0.507129255017779,0.557684136335689,0.601851904141088,0.55563626591958,0.581184563545556,0.543306089744347,0.551854352885593,0.691274109384631,0.655901752418195,0.668059974123797,0.734529158522737,0.737723005498604,0.571273851767933
"C3",0.542657614395705,0.498799221696297,0,0.537630680879567,0.597995568779587,0.548136838484044,0.575555955028483,0.634334318292144,0.684807684525273,0.673631398972146,0.66065596320267,0.653340948612202,0.671304588578398,0.628042909145461,0.640694993916259,0.635784756422467,0.699991201455708,0.696031223301223,0.661498577292431,0.683905619896005,0.692113663690682,0.65634586886136,0.690698663622708,0.670191883017421,0.677684515067429,0.631952940962759,0.605945627606642,0.652586149642767,0.694923905718427,0.576946542766368,0.664943934961752,0.641255237448467,0.637487763270792,0.655708317607076,0.619651936507818,0.635278924850603,0.633189657389404,0.626084077357961,0.670343392624063,0.597644975414728,0.671758783914689,0.656995688194311,0.64512026419095,0.672105323585897,0.616132554638641,0.62569439675613,0.576436876736071,0.586678070188349,0.651081373281039,0.645169644727374,0.611657957268854,0.626703911432436,0.653182636521574,0.619152938646508,0.696169063313921,0.573807096125903,0.758351400256238,0.715704809720404,0.667797502488942,0.589767869900227,0.570897855187873,0.672843896686627,0.718291277451951,0.646669023546209,0.65719382480317,0.743154572577406,0.685962759090239,0.690793108495575,0.804738140182998,0.746117800874677,0.607149513667881
"C4",0.625282557016829,0.516934968095579,0.537630680879567,0,0.487994713528396,0.582135908500958,0.622838508747138,0.64583058252706,0.654767464908754,0.670968702786812,0.635530098650934,0.686067980575512,0.679488180609743,0.670350122774772,0.660927438189065,0.680813706146274,0.706266996276479,0.696704694256481,0.690266159730387,0.632613596240585,0.6807729747829,0.641226519332496,0.662727554083553,0.607974035542592,0.646121874812768,0.616541311382854,0.648335137798309,0.666164123134836,0.606101984910546,0.648042319243046,0.696105444231214,0.716118262043746,0.659509826183531,0.679889937511257,0.676593153421132,0.652427242603602,0.677367242752511,0.588950030715604,0.670260309691707,0.611708510876246,0.656964703220288,0.625880726857725,0.657924819268294,0.755887672103919,0.652325763499425,0.605950946638531,0.686668121162071,0.629286436490988,0.652092849718886,0.653843125551952,0.618989333468151,0.629334763842425,0.66329289591865,0.665127317662543,0.587914644669517,0.634690099577277,0.736270783787314,0.73527401199725,0.618678253839679,0.720372442336379,0.679946451206137,0.643004848727643,0.674827551471131,0.607232746867132,0.713649977088265,0.652559147091382,0.659970161303384,0.61927928315017,0.762142522394739,0.719449442939476,0.671624316093774
"C6",0.570564551028192,0.439683548542496,0.597995568779587,0.487994713528396,0,0.493798910052242,0.539236616268741,0.515176947878636,0.596312236224355,0.59026059775785,0.608133693201329,0.597725340078554,0.654595034624526,0.640811666402418,0.60830195642115,0.595582437256129,0.654098181728004,0.573075891281587,0.622601015493174,0.612220975474825,0.602038581506687,0.58837373985528,0.582136155802061,0.561222965586604,0.585056083485983,0.581193709424643,0.594505993489994,0.606029986271425,0.598789616774281,0.655694116850643,0.642743497342068,0.696862504221247,0.613142496624362,0.647216183523848,0.675076388960466,0.584444337703094,0.616593992044281,0.531858173321753,0.659315548262404,0.606041694389097,0.644845793891011,0.619925134310976,0.647649883090608,0.685881644317727,0.591751428285116,0.57312866275142,0.646374008472494,0.586643724283763,0.634754174968183,0.618631263923144,0.638812067787474,0.584168620365012,0.626693736995585,0.629820664385745,0.536103220476643,0.559778554782888,0.673294994307121,0.651353119345705,0.552605004265709,0.605982814317243,0.652995055903509,0.598511727522453,0.615337616217176,0.563035065065064,0.630249313465862,0.647270142197638,0.622511745892512,0.580592794802799,0.751541650042294,0.748956582631163,0.657338777715402
"C7",0.444478289524497,0.411571820392541,0.548136838484044,0.582135908500958,0.493798910052242,0,0.407360395972534,0.429687171605056,0.565533550726781,0.478265596549182,0.525723468049592,0.467293361993219,0.513093765615085,0.533223652175655,0.508493047628345,0.504292459003751,0.567939874352137,0.526534285193909,0.478580046476687,0.610886668866362,0.530004547608337,0.466923490932585,0.564554505575599,0.530811136443222,0.608707622203559,0.530453920348874,0.478585237890968,0.601969432964638,0.522982551433221,0.557690890361532,0.512252695477021,0.564180558412523,0.498782453716448,0.493799891097513,0.583397253729957,0.531923605907348,0.508085828630343,0.458686754711262,0.54333559091998,0.490575387467109,0.499909480455484,0.567618914951995,0.598813559195073,0.62044177373845,0.519798447918011,0.490280875349053,0.543757061939635,0.530156488554371,0.554857990874357,0.493448013388212,0.575499243191565,0.540202677983603,0.457657313415938,0.536524449485885,0.598230295972391,0.490281718175298,0.613646607604342,0.592324998792679,0.52001509688569,0.523788484128304,0.571044215673266,0.531597806718741,0.562593244186575,0.55668974663718,0.506399702142522,0.67498463842813,0.65723098234829,0.671189595034558,0.750498404683709,0.7451172706693,0.572959214296225
"C8",0.385818454201269,0.395880683824164,0.575555955028483,0.622838508747138,0.539236616268741,0.407360395972534,0,0.468163592901723,0.539367285415939,0.48490306538785,0.478628728202658,0.473600149073712,0.482666851302706,0.501489519921004,0.497496793242704,0.518019279553248,0.527695150092685,0.488936434530357,0.548237113536676,0.630515859600565,0.556915581469434,0.483599730849254,0.512520985665037,0.507166759272144,0.614655114979949,0.559523791210319,0.490426571828949,0.652661513497891,0.549274152213176,0.559644735576864,0.564317757070809,0.529194610048494,0.540171200262562,0.496397347681879,0.533363813311797,0.533133335380187,0.560082534915503,0.498117235074347,0.450618070257789,0.506929641896888,0.49917459065953,0.606290645753683,0.593775419860881,0.606122790607603,0.473312899878906,0.454719464493939,0.505820078901505,0.493203497463986,0.519665740789873,0.563856138507804,0.50349017040783,0.513182588182353,0.47331175884914,0.532225706542861,0.648141583899014,0.478771303881348,0.604404923902278,0.62066032213047,0.500829266287471,0.510254177221317,0.56494265860825,0.530289084705731,0.621486654633441,0.578419388657229,0.518730805393512,0.686586426717927,0.717783194789549,0.710908281993438,0.766765217371585,0.724269610421562,0.530530075387769
"C10",0.517705637980687,0.520087462796309,0.634334318292144,0.64583058252706,0.515176947878636,0.429687171605056,0.468163592901723,0,0.514551972168981,0.569594704080726,0.547997457726366,0.521458678701216,0.556596762985147,0.550331701162981,0.575724798532723,0.546831158856264,0.573789225990606,0.52644742565356,0.499110889460252,0.584076528692181,0.581803486516676,0.53618321365236,0.517134499139152,0.556309799530719,0.567883645715764,0.55612483075893,0.513461361185663,0.604083023645298,0.538780892776756,0.55745620868574,0.567523367677253,0.609528286927303,0.553184420981983,0.497666679762589,0.64604900872907,0.56088369538665,0.580502735239949,0.553421887560598,0.576047131809359,0.60261404579977,0.577548069841263,0.5732552641226,0.600343786093184,0.635890451891295,0.594353807673895,0.543772822607847,0.6079911746174,0.587355333314913,0.596346946133521,0.561432046649427,0.619564919662621,0.547452919790299,0.546660576983409,0.590916040589231,0.675629376542238,0.536458114295696,0.641398224326997,0.594785747303504,0.485729739302679,0.532805370034666,0.623966040412566,0.520549117076476,0.608400159586735,0.559792498042121,0.409904527476513,0.674545605070941,0.73105930150332,0.680075792700773,0.732303459901656,0.740301401600168,0.637579358337769
"C29",0.536256246207519,0.561593568288085,0.684807684525273,0.654767464908754,0.596312236224355,0.565533550726781,0.539367285415939,0.514551972168981,0,0.521842611835094,0.506095369502796,0.507668592087923,0.485720972124536,0.494498067043339,0.492729227391726,0.529662242331729,0.479959958981718,0.474002005926999,0.425740154169647,0.471511906845267,0.520915231529509,0.514915606263874,0.490124247272977,0.510435414559422,0.47602697848737,0.530092209134584,0.503902690622937,0.583117081657674,0.578809798549993,0.545307172891426,0.542127041343341,0.551751057925696,0.521620605018669,0.498469481319407,0.565393816256001,0.571200827574795,0.60307083678741,0.536536630539526,0.520159354932382,0.562090884923475,0.538793566599161,0.54349543774699,0.622504093676388,0.625059486035562,0.522003242209102,0.546643131656124,0.595165477831305,0.550177043150823,0.564680217760693,0.514746421474458,0.637338355196668,0.597545374437394,0.517970597662421,0.465542647785118,0.651945715143381,0.555497157508908,0.56082420991928,0.555781825820666,0.519749536335119,0.594452523735579,0.623502492637555,0.587668522217624,0.599819513305964,0.541873651007924,0.525162709572413,0.705253072517325,0.696149280934763,0.674291181461507,0.743115223911332,0.750174225854891,0.595607790245383
"C30",0.475132530946856,0.516646942982251,0.673631398972146,0.670968702786812,0.59026059775785,0.478265596549182,0.48490306538785,0.569594704080726,0.521842611835094,0,0.47137136636025,0.447388634970465,0.475197772555953,0.558420957519828,0.502018475539327,0.507205888552698,0.505253330736279,0.485363643777611,0.461944695015524,0.614316977240349,0.448928201234645,0.436550726577031,0.52599162078185,0.55015794831219,0.578676279615717,0.509993688946685,0.508517586211999,0.659308890227729,0.545673386449619,0.510467982662802,0.467397916816785,0.499175363921933,0.472540545530498,0.439232565568417,0.533117912896158,0.568870138116107,0.54000248373222,0.557853177472561,0.517508190314615,0.501978666290354,0.477824705356359,0.526180450284278,0.58898452170495,0.564722709923932,0.491679950550826,0.453694653110806,0.51068636147161,0.525877072152767,0.533429471089054,0.472509125862779,0.614806907624262,0.566325627754331,0.480833552432509,0.518823556703131,0.647308491843911,0.516413436200814,0.603283026452573,0.617099463025313,0.545408493242403,0.57552931976314,0.615011238226731,0.56575881501039,0.602551537483383,0.566458666047701,0.576567540131227,0.767941688495301,0.741061561981006,0.753856378052747,0.796090281058803,0.792044382831589,0.574249982689437
"C38",0.49102800023033,0.484833508501864,0.66065596320267,0.635530098650934,0.608133693201329,0.525723468049592,0.478628728202658,0.547997457726366,0.506095369502796,0.47137136636025,0,0.464624896030544,0.431949233698943,0.480482299703049,0.472864414906898,0.499513495644811,0.468318591196703,0.471636215100499,0.459273274026428,0.555819423467432,0.496454053231333,0.427312894504943,0.512596817694496,0.449707252889414,0.581103454854619,0.542487062214961,0.501812022821746,0.651370603766127,0.494831186085894,0.50278046070721,0.526228314643229,0.518956579068298,0.499295260054142,0.49104494686951,0.54305281606299,0.539479565369715,0.564531444031419,0.53258010835069,0.50041209049524,0.513896485411032,0.527345560165849,0.515906348086579,0.613974071675146,0.609382216921584,0.535579005276213,0.405354757620818,0.541955460142824,0.483465558351427,0.538998355286991,0.491452176071896,0.508665390673629,0.48635158496105,0.452028373124778,0.51135954962077,0.630087753043305,0.531626635581061,0.613313438783203,0.583695138981337,0.53089886809575,0.586964465748302,0.616318712780565,0.543909782838131,0.62232078383157,0.529975527240223,0.518608030286582,0.651554223101639,0.707207844883369,0.725123919083607,0.714187037602838,0.740214652187847,0.563540601056663
"C39",0.435846081539962,0.471662509016887,0.653340948612202,0.686067980575512,0.597725340078554,0.467293361993219,0.473600149073712,0.521458678701216,0.507668592087923,0.447388634970465,0.464624896030544,0,0.371725947289452,0.421151249682542,0.451754279799554,0.525767242417125,0.486777840619229,0.476246934895701,0.374297654009714,0.5878613928556,0.514095879922641,0.496944186975767,0.475023401544062,0.514631555024574,0.603809620574708,0.515700714554821,0.519146844399301,0.658042148354587,0.517414542358695,0.547385685196019,0.454632060092142,0.502362296874704,0.44760815364843,0.464826993335897,0.485638066116937,0.518144055241053,0.563710591460386,0.516543614695456,0.496243783955262,0.513634849188759,0.471032028041818,0.549927468824544,0.599799464349214,0.591821763844743,0.48706196266141,0.493140739564372,0.52002086658563,0.463110757930964,0.565001307827273,0.512427096408407,0.561293717228486,0.542531540132457,0.468035525008953,0.464903181517797,0.665431503388314,0.528734192608791,0.595779367553576,0.600824516409756,0.515643138123146,0.523082123478984,0.574619250803889,0.541807939823696,0.597961811323263,0.584364038863684,0.484790222696844,0.720473832612556,0.752063411199505,0.732131942999682,0.755385438331331,0.733945321302238,0.566361912017062
"C42",0.456652357870218,0.531328815603363,0.671304588578398,0.679488180609743,0.654595034624526,0.513093765615085,0.482666851302706,0.556596762985147,0.485720972124536,0.475197772555953,0.431949233698943,0.371725947289452,0,0.324387446329163,0.381040351136277,0.479916467223107,0.384612507290149,0.450549971357002,0.351065271115874,0.589401275508406,0.566237729110717,0.446784544407494,0.468525405009774,0.506590763415889,0.594331732021517,0.510366050893487,0.460283864136316,0.657811670480839,0.512490716872196,0.487678684980748,0.452138604788873,0.442897021495044,0.445941105388872,0.439606858099824,0.484308906781034,0.552706767624092,0.545709942709473,0.504042431523716,0.420750172737583,0.470092938590236,0.426566959320033,0.49410530397799,0.527150693807051,0.563182896924055,0.431831249652165,0.441810835862978,0.453587518827006,0.42706469894383,0.478057722567269,0.491577407211811,0.542315369303505,0.538157864229129,0.473052678636777,0.454207383096138,0.676736537722461,0.53674539836745,0.601376307357176,0.578892589776153,0.511195570653356,0.571482535822817,0.5502875566142,0.565669599762384,0.650086611020464,0.581804444552052,0.535787027205301,0.734402353850746,0.740920092761686,0.744572050791146,0.756260616096757,0.703002326557554,0.524029920237451
"C43",0.501884660336036,0.548208467701914,0.628042909145461,0.670350122774772,0.640811666402418,0.533223652175655,0.501489519921004,0.550331701162981,0.494498067043339,0.558420957519828,0.480482299703049,0.421151249682542,0.324387446329163,0,0.394731961186804,0.488657101785993,0.422693327086687,0.458778674554232,0.416956692525661,0.555145215924932,0.57305622918711,0.496762875970188,0.475721483647476,0.530149349796297,0.570323289839204,0.503537504955164,0.466111564597784,0.669109904504117,0.559149690524651,0.499653494215563,0.456310424531861,0.448860237191597,0.473299581594205,0.489326985971383,0.469199030335625,0.551026012540256,0.603900294986894,0.547520091942956,0.440041914011554,0.532141531892451,0.452536377944647,0.505123454683893,0.550240463978428,0.569408542074998,0.51325241343396,0.504221344957078,0.494138097611989,0.410694478871702,0.496146839485805,0.503640533664337,0.582984474760949,0.560547525107919,0.477237539849846,0.459256793345959,0.706607829517961,0.534668897732383,0.572646759509849,0.590023246633171,0.56121499863592,0.565145923982591,0.545904072056364,0.550995765131658,0.666221381356142,0.578930832559867,0.473522399783702,0.73156047086297,0.754563436287085,0.753841563692156,0.75048270245271,0.70135313548188,0.535456440576514
"C46",0.487512012556122,0.535886031147549,0.640694993916259,0.660927438189065,0.60830195642115,0.508493047628345,0.497496793242704,0.575724798532723,0.492729227391726,0.502018475539327,0.472864414906898,0.451754279799554,0.381040351136277,0.394731961186804,0,0.455379379469779,0.463839254609893,0.425586968444313,0.472616980533604,0.5870315571556,0.517856850972355,0.475208587502462,0.472152516654438,0.539185589588178,0.588173686502984,0.478024201233976,0.470054449644871,0.656510729924822,0.567848480750281,0.516939285958629,0.50053224949227,0.487153075344021,0.493056406060652,0.470769433076819,0.484170848383236,0.527187105556974,0.525402133287663,0.525610508595771,0.452193283088622,0.482358559965494,0.496100705243714,0.504888636161009,0.53680773327631,0.550396458198925,0.430672221097403,0.488323359170805,0.439731957106344,0.446096127524023,0.509952241971871,0.490530534942189,0.583559021561112,0.576952779038366,0.481875943742881,0.447104222227816,0.706488054320429,0.513348235400237,0.597827046567409,0.579694292098297,0.539463712403034,0.538441007568621,0.502236848749708,0.546987756501811,0.633935001616785,0.579792245507799,0.488594407507145,0.737038126602907,0.75944846724242,0.768487067381758,0.797420243855122,0.750964917652946,0.505699184417104
"C48",0.506817672029729,0.559578750033773,0.635784756422467,0.680813706146274,0.595582437256129,0.504292459003751,0.518019279553248,0.546831158856264,0.529662242331729,0.507205888552698,0.499513495644811,0.525767242417125,0.479916467223107,0.488657101785993,0.455379379469779,0,0.473950681669452,0.440017326665043,0.47259056338578,0.559993854371581,0.556029804607456,0.50332275469781,0.536613536410063,0.527497170755783,0.644688721898735,0.531134519080403,0.488274655958857,0.643017581215091,0.575761989657479,0.504276024362976,0.538386876794542,0.515150463171138,0.540964472188928,0.471110475206097,0.515049332346628,0.586153386149811,0.520187687730335,0.570885857989738,0.498507816628399,0.542317045704337,0.49345252193437,0.520206211336533,0.592847883216693,0.539126328550838,0.478195817214147,0.501980529719988,0.497404863491707,0.496481780478676,0.512754810806924,0.510346279145781,0.59616321571493,0.574810160772286,0.530903357513861,0.502056443357459,0.704210794098501,0.511536120486261,0.598454251076281,0.582309745504906,0.590071301861916,0.49359075993364,0.556079714800231,0.544653690181466,0.633977685657379,0.60131495430225,0.514826993931987,0.739648527388956,0.740856667391277,0.732697789210025,0.790312547640237,0.771107740747693,0.561529637184506
"C51",0.548410241451267,0.579372520683119,0.699991201455708,0.706266996276479,0.654098181728004,0.567939874352137,0.527695150092685,0.573789225990606,0.479959958981718,0.505253330736279,0.468318591196703,0.486777840619229,0.384612507290149,0.422693327086687,0.463839254609893,0.473950681669452,0,0.505831013999067,0.407258370094387,0.607845421794378,0.58502023845791,0.448429490343132,0.507527282990513,0.525762155399363,0.610181178616052,0.522502870213718,0.53623709419724,0.626407859913912,0.609674093717246,0.479511659804641,0.455784771968495,0.433972275022826,0.513003695203555,0.41607662544772,0.483391918498385,0.564943830864638,0.61089860823744,0.583658496334068,0.495953059717217,0.561072673899413,0.477235991071106,0.498828397827454,0.58366251077127,0.54881940296121,0.487615051775492,0.517374311676175,0.487489315548053,0.507669667547471,0.462467296399742,0.506857947900634,0.647973814131498,0.600074752502147,0.556676130174668,0.479031830316701,0.715541752411837,0.562977596213754,0.543780871394347,0.521087508203572,0.561141538489457,0.56706304145279,0.608620499884421,0.583701182188323,0.651921769220728,0.60382442391365,0.502231636468013,0.746713223677546,0.746482338049619,0.775771371540596,0.774157298010532,0.750544540194444,0.594619875685709
"C52",0.500978545418494,0.515890373307229,0.696031223301223,0.696704694256481,0.573075891281587,0.526534285193909,0.488936434530357,0.52644742565356,0.474002005926999,0.485363643777611,0.471636215100499,0.476246934895701,0.450549971357002,0.458778674554232,0.425586968444313,0.440017326665043,0.505831013999067,0,0.443807201520948,0.529701763297485,0.435205705700793,0.452142436145439,0.48572444992095,0.551887664334346,0.521748289381782,0.501437762704768,0.450745197269956,0.602544059767303,0.515134391322115,0.56639640110238,0.484967643269092,0.531730752552959,0.464148789229905,0.463835427564535,0.53418313180581,0.492192497449718,0.541048397065529,0.490429113387759,0.494197636351511,0.48782507321407,0.519596459398969,0.508675267567821,0.572440701790134,0.59119917916145,0.473646672637637,0.524453999419774,0.533376954317571,0.539044561775649,0.555210642109561,0.452700685580937,0.608314123303803,0.583338238411274,0.426736926229526,0.457839439871132,0.661600007293505,0.555442729521009,0.546557543542064,0.566305093187443,0.51660902232898,0.554186836713968,0.571946578660213,0.540888503305607,0.594232330815977,0.524857495820929,0.542199205571929,0.730092049510425,0.733949674053124,0.755582177856056,0.757604293498365,0.742177293955414,0.572750316712699
"C55",0.463744500265458,0.529697337838453,0.661498577292431,0.690266159730387,0.622601015493174,0.478580046476687,0.548237113536676,0.499110889460252,0.425740154169647,0.461944695015524,0.459273274026428,0.374297654009714,0.351065271115874,0.416956692525661,0.472616980533604,0.47259056338578,0.407258370094387,0.443807201520948,0,0.558867137490789,0.475760775069614,0.37492691521295,0.440664064422161,0.469529217825594,0.569959648027034,0.473239253080675,0.402929801115226,0.633630746562956,0.529560032949374,0.457565028465655,0.420706926480739,0.440264374582007,0.407260473974948,0.412995357636714,0.479654031565543,0.541513345809803,0.546910695249475,0.542618707583044,0.475970457197325,0.499954702257197,0.455327287188177,0.500470217857147,0.593122589288025,0.548279824107338,0.457445538291782,0.458740041584308,0.500940318576852,0.453759137893297,0.489741440323437,0.398276069261214,0.592175830888046,0.556942715516616,0.478900152147794,0.442622359278712,0.671320690663962,0.524842361438759,0.562124731780938,0.543741034133402,0.525647250149786,0.52520098875247,0.606297771164884,0.556510527631448,0.617693705116716,0.574265045825751,0.502902683346132,0.73948007567363,0.717604734751403,0.727426803864449,0.762278103735482,0.753667177835828,0.577556961056108
"C59",0.612759422045287,0.609307192016131,0.683905619896005,0.632613596240585,0.612220975474825,0.610886668866362,0.630515859600565,0.584076528692181,0.471511906845267,0.614316977240349,0.555819423467432,0.5878613928556,0.589401275508406,0.555145215924932,0.5870315571556,0.559993854371581,0.607845421794378,0.529701763297485,0.558867137490789,0,0.567705670183597,0.568050089991586,0.55705967718547,0.567066126129617,0.537451680844258,0.559429314193445,0.578932641202313,0.599728681565845,0.59333122448399,0.630116232091348,0.627636695442402,0.629881268597359,0.585798289069312,0.627597650624979,0.63101225293366,0.527772919279115,0.651113576485952,0.590995915236095,0.623414451292678,0.601584210319316,0.616382390803831,0.586539148605484,0.611655528503759,0.674637160458144,0.6195433070268,0.592641921603531,0.657401637626583,0.631561580110602,0.636623968851278,0.550718553860546,0.650963181939936,0.614859128806533,0.567496367359416,0.570392286145875,0.611911123279622,0.617470093605131,0.655683814795247,0.645677505259946,0.619112842405251,0.667377297702532,0.637254519630821,0.569135326423877,0.587763082006465,0.598876066192823,0.621589793936132,0.682238223147084,0.71178670077617,0.698356289430653,0.769856026291649,0.779363537131936,0.617015124989431
"C61",0.552802903415677,0.488148957781507,0.692113663690682,0.6807729747829,0.602038581506687,0.530004547608337,0.556915581469434,0.581803486516676,0.520915231529509,0.448928201234645,0.496454053231333,0.514095879922641,0.566237729110717,0.57305622918711,0.517856850972355,0.556029804607456,0.58502023845791,0.435205705700793,0.475760775069614,0.567705670183597,0,0.418542093528333,0.445946331486004,0.498291771430786,0.518589373912164,0.528807035970078,0.453997976003755,0.665619894914786,0.487996319946267,0.605111989029563,0.49721334570328,0.582549033483026,0.541325711126193,0.517300697314423,0.577916464169858,0.526778309819011,0.53512740041361,0.556822043606072,0.548922927585309,0.491462315485839,0.543109120304613,0.534923957633029,0.654740607875913,0.66129400796908,0.530345760229119,0.51214281011678,0.605599180907452,0.568633047518794,0.622453586733718,0.481057097315329,0.599685221043227,0.570718461146878,0.463226046393317,0.544679757020663,0.606697709267851,0.605354574423383,0.599260743691111,0.597479850499199,0.565000207837544,0.651364350408768,0.666176625796038,0.582057323769623,0.558708969567418,0.57969324128141,0.612150023585066,0.720419760709189,0.692421728367067,0.757527923054611,0.752468873934692,0.794910030654408,0.607275189899047
"C65",0.500107246364276,0.508579043883638,0.65634586886136,0.641226519332496,0.58837373985528,0.466923490932585,0.483599730849254,0.53618321365236,0.514915606263874,0.436550726577031,0.427312894504943,0.496944186975767,0.446784544407494,0.496762875970188,0.475208587502462,0.50332275469781,0.448429490343132,0.452142436145439,0.37492691521295,0.568050089991586,0.418542093528333,0,0.425386811315405,0.459598689968955,0.556997655996295,0.48083927040862,0.410875635324083,0.591667515014858,0.510200519854052,0.449368163905338,0.45487979358782,0.459508092987842,0.440950663324679,0.452147356486801,0.492827329825847,0.51285997180184,0.525056207298496,0.526324085735197,0.509873102398788,0.463216765018769,0.477439229635909,0.519663826210343,0.558688086845427,0.584212255334931,0.4678256504791,0.448928065701977,0.501961735493519,0.501980651982121,0.481397076007125,0.440916419142601,0.583998090803563,0.507339489771737,0.447070774064205,0.469873478280889,0.639702594473208,0.512952998085237,0.587269370934602,0.582268566074313,0.548496918643354,0.563645837738658,0.637685624097398,0.530508553823389,0.566393431278948,0.524337151601799,0.536652352686761,0.708302852263246,0.701938567976779,0.74508584561008,0.753387299599769,0.751162101284369,0.570459714017703
"C68",0.565553251858853,0.553061822386574,0.690698663622708,0.662727554083553,0.582136155802061,0.564554505575599,0.512520985665037,0.517134499139152,0.490124247272977,0.52599162078185,0.512596817694496,0.475023401544062,0.468525405009774,0.475721483647476,0.472152516654438,0.536613536410063,0.507527282990513,0.48572444992095,0.440664064422161,0.55705967718547,0.445946331486004,0.425386811315405,0,0.491988185902862,0.551088861408382,0.503115097846009,0.416654107875168,0.682275389205683,0.541136326541846,0.56013689183956,0.534549917530576,0.545138557618045,0.459809795983771,0.512962388621661,0.527700682822371,0.484149951121326,0.565422076355686,0.526176270354883,0.457130613656154,0.496595746756698,0.488459566052631,0.508981090093874,0.567696687005944,0.621865455491143,0.449534595911601,0.511479125387184,0.571474285610799,0.514504956393799,0.522924953242915,0.486033980975302,0.576550205139063,0.515909563678615,0.463080198434176,0.506157617887269,0.651052139092474,0.514090920089816,0.581676632881264,0.60133241896399,0.49264169938516,0.596634716267004,0.620147993472963,0.463191534488575,0.620910265049151,0.595718207678437,0.52397043180775,0.725212979647041,0.731293605373574,0.733088383008477,0.758587538704866,0.770028822354099,0.571324120911917
"C74",0.49825717104362,0.477433199637712,0.670191883017421,0.607974035542592,0.561222965586604,0.530811136443222,0.507166759272144,0.556309799530719,0.510435414559422,0.55015794831219,0.449707252889414,0.514631555024574,0.506590763415889,0.530149349796297,0.539185589588178,0.527497170755783,0.525762155399363,0.551887664334346,0.469529217825594,0.567066126129617,0.498291771430786,0.459598689968955,0.491988185902862,0,0.518923110202267,0.506305813011918,0.502233883537096,0.654636341756505,0.429126394044022,0.586558231529839,0.568219122295871,0.562478910607903,0.524232135317823,0.57125474894768,0.579611224800592,0.514339326791205,0.604388174343666,0.5018570560852,0.547193159871965,0.530278940560737,0.5693520044154,0.555491899657991,0.646103087260006,0.672699842931588,0.559597236248003,0.461890690500945,0.603498727992986,0.530424719062241,0.584873271734074,0.543629359935952,0.502077544273917,0.483871483732812,0.535594358792193,0.524720841359225,0.616862884870195,0.552503212121786,0.6301988539811,0.645020899486254,0.516738153231435,0.597251435150574,0.674980025349031,0.56626809113006,0.566113793354097,0.544861512349633,0.572367419868977,0.67611006381715,0.659996074868799,0.689221937502307,0.754823212226192,0.752196275643744,0.592577971693901
"C75",0.629701611658537,0.589630634144374,0.677684515067429,0.646121874812768,0.585056083485983,0.608707622203559,0.614655114979949,0.567883645715764,0.47602697848737,0.578676279615717,0.581103454854619,0.603809620574708,0.594331732021517,0.570323289839204,0.588173686502984,0.644688721898735,0.610181178616052,0.521748289381782,0.569959648027034,0.537451680844258,0.518589373912164,0.556997655996295,0.551088861408382,0.518923110202267,0,0.516559257417816,0.605796967683949,0.582840423139046,0.498937016216355,0.600137711610318,0.636592332932739,0.624708847299431,0.549563734625969,0.618955233023605,0.644173914197325,0.554913139042822,0.651980185735974,0.543968456110727,0.61885648253173,0.606303567140764,0.634573156575897,0.584813469757759,0.645029394241526,0.71979543715698,0.598989792976351,0.588419762340245,0.674417174090981,0.607073168813439,0.691032243285363,0.580828181200983,0.604907291105639,0.560723249973196,0.53336290135378,0.603926300885478,0.60811334775194,0.649242073048207,0.67062990586519,0.666996626556561,0.538025863480865,0.64059055612793,0.683045757323019,0.553314291451958,0.571459025243785,0.539957792361705,0.602119132525422,0.672593791992803,0.670044209244642,0.682738237205942,0.7557816824461,0.751277047234072,0.678067522338865
"C77",0.535691293841345,0.5712532140541,0.631952940962759,0.616541311382854,0.581193709424643,0.530453920348874,0.559523791210319,0.55612483075893,0.530092209134584,0.509993688946685,0.542487062214961,0.515700714554821,0.510366050893487,0.503537504955164,0.478024201233976,0.531134519080403,0.522502870213718,0.501437762704768,0.473239253080675,0.559429314193445,0.528807035970078,0.48083927040862,0.503115097846009,0.506305813011918,0.516559257417816,0,0.499453634895181,0.658220313818983,0.561114739483456,0.509905849693891,0.488251129187456,0.490577638969321,0.487257100839904,0.531851859328336,0.509965405191899,0.5395502037879,0.559961003914575,0.550543394142468,0.537100279688442,0.525422517982991,0.508896536088193,0.507171112446211,0.537812134898044,0.560510109315728,0.512219548984347,0.529047710791786,0.467250339089866,0.48925646265799,0.547452667641829,0.473007420868343,0.628291925672732,0.598710909597909,0.495720136788798,0.537434578669037,0.681818739080154,0.540539305310054,0.632799974396064,0.61705995698509,0.548083570680895,0.54577080679267,0.57456009467268,0.553763411556398,0.578390256299197,0.550693763093652,0.556388559905024,0.719202372308527,0.719390009513435,0.738926536300862,0.817661694154798,0.789541918002932,0.502763307575696
"C82",0.510139788663158,0.480188540648065,0.605945627606642,0.648335137798309,0.594505993489994,0.478585237890968,0.490426571828949,0.513461361185663,0.503902690622937,0.508517586211999,0.501812022821746,0.519146844399301,0.460283864136316,0.466111564597784,0.470054449644871,0.488274655958857,0.53623709419724,0.450745197269956,0.402929801115226,0.578932641202313,0.453997976003755,0.410875635324083,0.416654107875168,0.502233883537096,0.605796967683949,0.499453634895181,0,0.666658035054656,0.544085895605351,0.550323634715558,0.485936000644652,0.472658628505096,0.415238038101603,0.48799270472173,0.52323481080876,0.526216415346799,0.503668092906188,0.505153570386989,0.541220204330882,0.446097089308891,0.484283298617496,0.486203107624078,0.551512591204829,0.566804652558529,0.437325122943215,0.4927018173954,0.514385726806886,0.511019351199295,0.506750040666704,0.436004761962867,0.577160458889642,0.529376184970978,0.455426000968821,0.449901243946009,0.649859317282832,0.51047871546158,0.579889579969337,0.616389307344867,0.511865653373781,0.549144946784628,0.592505854402404,0.503676132073691,0.609545503195363,0.604128053849748,0.527049402622574,0.715384687021201,0.663353551960093,0.701026603536369,0.76896534274005,0.757125737998885,0.54433795681126
"C86",0.65364502968063,0.622201655569961,0.652586149642767,0.666164123134836,0.606029986271425,0.601969432964638,0.652661513497891,0.604083023645298,0.583117081657674,0.659308890227729,0.651370603766127,0.658042148354587,0.657811670480839,0.669109904504117,0.656510729924822,0.643017581215091,0.626407859913912,0.602544059767303,0.633630746562956,0.599728681565845,0.665619894914786,0.591667515014858,0.682275389205683,0.654636341756505,0.582840423139046,0.658220313818983,0.666658035054656,0,0.647127310714487,0.609130593019885,0.651081761725912,0.656605798777621,0.622755016827915,0.647462604645279,0.654641579969682,0.618427386156643,0.662740124042726,0.637004478400906,0.679820613804945,0.647627625305697,0.662551453305099,0.607796379503965,0.688023296231812,0.734496634817484,0.637287987400635,0.685504748051884,0.663716741053179,0.654443324363411,0.68272423112184,0.605856347140222,0.697726115942304,0.666936805468517,0.634674090140876,0.663496819440005,0.64815515495771,0.635801337486355,0.679274551759226,0.681984757834378,0.630410215262003,0.666434154614418,0.670552520547893,0.646244543207329,0.611221988584446,0.582395721191441,0.630617463916122,0.741136014953639,0.703368269826102,0.700340003755518,0.775523774779677,0.749417009696331,0.694041252424812
"C87",0.529007852059498,0.468396836105103,0.694923905718427,0.606101984910546,0.598789616774281,0.522982551433221,0.549274152213176,0.538780892776756,0.578809798549993,0.545673386449619,0.494831186085894,0.517414542358695,0.512490716872196,0.559149690524651,0.567848480750281,0.575761989657479,0.609674093717246,0.515134391322115,0.529560032949374,0.59333122448399,0.487996319946267,0.510200519854052,0.541136326541846,0.429126394044022,0.498937016216355,0.561114739483456,0.544085895605351,0.647127310714487,0,0.611510653403873,0.575327349534452,0.617715747933638,0.511610932265506,0.552862197831105,0.586503368707084,0.54745372563712,0.576134026401268,0.47840355789987,0.553203639696737,0.511536032665936,0.555527741956503,0.547774974684736,0.618582441060992,0.676991181246866,0.577443584599054,0.489276902694897,0.599324288125259,0.532354194045909,0.627401273009627,0.53524627803978,0.473819993858206,0.4516336337239,0.431797204777456,0.59301086353931,0.573524032495323,0.589347149508724,0.661676151353311,0.66796783782045,0.529311761142064,0.633497700950712,0.645168495386113,0.507351428718962,0.543454023202383,0.525503184197741,0.559419726651083,0.665880507587155,0.710705862311441,0.706713701325999,0.742473676792185,0.746861356511502,0.6001103085486
"C88",0.530098596351495,0.567998134009562,0.576946542766368,0.648042319243046,0.655694116850643,0.557690890361532,0.559644735576864,0.55745620868574,0.545307172891426,0.510467982662802,0.50278046070721,0.547385685196019,0.487678684980748,0.499653494215563,0.516939285958629,0.504276024362976,0.479511659804641,0.56639640110238,0.457565028465655,0.630116232091348,0.605111989029563,0.449368163905338,0.56013689183956,0.586558231529839,0.600137711610318,0.509905849693891,0.550323634715558,0.609130593019885,0.611510653403873,0,0.458745230063821,0.391059623071337,0.461108012685447,0.41036531834331,0.462245926797938,0.563664134581681,0.541436165525606,0.612003154498712,0.559381037979474,0.524367180929519,0.488305750981266,0.545844655886151,0.586730404755268,0.499528342190442,0.513113728751119,0.52131580725889,0.465344817473733,0.4810277066941,0.478433183662415,0.490103332688811,0.584821632536075,0.607980069603577,0.522148511733389,0.515912719997434,0.708650127148557,0.529074797883244,0.632448595658413,0.621809423286702,0.625610301083219,0.499792033110422,0.585324815846963,0.627752284375527,0.642861726417662,0.579544347597516,0.517639514381802,0.752143016062951,0.756146322346578,0.750909533736015,0.785050506878812,0.761232546329554,0.523527691660199
"C89",0.518802032208656,0.535773383404196,0.664943934961752,0.696105444231214,0.642743497342068,0.512252695477021,0.564317757070809,0.567523367677253,0.542127041343341,0.467397916816785,0.526228314643229,0.454632060092142,0.452138604788873,0.456310424531861,0.50053224949227,0.538386876794542,0.455784771968495,0.484967643269092,0.420706926480739,0.627636695442402,0.49721334570328,0.45487979358782,0.534549917530576,0.568219122295871,0.636592332932739,0.488251129187456,0.485936000644652,0.651081761725912,0.575327349534452,0.458745230063821,0,0.42935986970098,0.407810918825204,0.388175164764553,0.496606711656384,0.557910701498313,0.565163920175239,0.582193690548551,0.503084091292359,0.503970280423305,0.441834206529756,0.480925048790325,0.610329573921682,0.570556564383606,0.518858110111999,0.490142617898735,0.512067370374772,0.477235131595292,0.48670981868826,0.441856744509738,0.644894659060066,0.607474471459872,0.489519534344881,0.475800072371129,0.70065853085711,0.585094920192118,0.611366585904174,0.558196533341246,0.599180325791927,0.549456001620244,0.624129880495881,0.599570063984446,0.607967659130072,0.568860566581274,0.492822691478061,0.75372477885308,0.752939460910539,0.787904713845528,0.804539300761004,0.794863548573855,0.554035869019516
