"","warble_1","warble_2","warble_3","warble_4","warble_6","warble_7","warble_9","warble_10","warble_12","warble_14","warble_15","warble_20","warble_33","warble_42","warble_43","warble_45","warble_49","warble_50","warble_52","warble_53","warble_54","warble_57","warble_58","warble_60","warble_63","warble_68","warble_69","warble_73","warble_80","warble_83","warble_84","warble_85","warble_87","warble_88","warble_89","warble_90","warble_93","warble_94","warble_95","warble_96","warble_97","warble_100","warble_101","warble_103","warble_104","warble_106","warble_107","warble_108","warble_109","warble_110","warble_111","warble_112","warble_114","warble_117","warble_118","warble_119","warble_120","warble_121","warble_122","warble_123","warble_125","warble_126","warble_127","warble_135","warble_136","warble_137","warble_139","warble_140","warble_141","warble_144","warble_145","warble_147","warble_148","warble_149","warble_150","warble_151","warble_152","warble_153","warble_154","warble_157","warble_158","warble_159","warble_161","warble_162","warble_164","warble_170","warble_173","warble_178","warble_180","warble_181","warble_185","warble_187","warble_188","warble_189","warble_191","warble_192","warble_197","warble_200","warble_202","warble_221","warble_222","warble_224","warble_225","warble_227","warble_228","warble_229","warble_230","warble_232","warble_234","warble_236","warble_240","warble_243","warble_245","warble_247","warble_250","warble_251","warble_257","warble_262","warble_263","warble_265","warble_269","warble_272","warble_280","warble_282","warble_283","warble_286","warble_292","warble_293","warble_296","warble_307","warble_308","warble_310","warble_315","warble_318","warble_319","warble_324","warble_325","warble_326"
"warble_1",0,1.73589276339621,0.855600685925232,0.926155608582668,2.8512216111634,1.25783087406796,1.7290208540438,0.736399980448372,1.3841766598062,1.59168605526517,2.69075148642796,1.9851712859119,1.58593627567769,1.46716642380822,1.11783371749679,1.2781080887114,0.646994878441676,0.735567005159833,1.36922710919846,0.803049176682435,1.80681380487881,2.05218452346043,0.874618039804057,1.19217376826449,1.59062834520508,0.72015345615866,1.00748131833682,1.62415223558284,0.997486007471555,1.37735505297518,1.97809274471491,2.20697553333047,1.41452123927637,1.77178174075452,1.1052075182747,1.96033688473787,2.83889505182831,1.31040354330172,2.44494295712161,0.79409802983967,1.12139509560039,1.1191075944774,0.991050850955786,3.47771766273492,1.01803671570051,1.52078144437927,1.09266443716315,0.783701737932129,0.824493962065346,1.43456885200476,2.02182523795903,1.27771718747433,1.74034248912677,0.923607276761333,1.06694317286661,0.970351241843095,1.7674870558404,4.09248205976103,1.63671888614418,1.02277747846405,2.15266687682231,4.70206326484145,5.77431343419342,2.37522111073835,2.3908202813347,2.2309581564484,1.96070431398276,1.35957707333897,1.03772019336698,1.18595525672155,0.950833065136273,2.32267330224364,3.0669629363754,0.976607889287698,1.25752199632889,0.87092835189816,1.62398448047561,2.24856780512556,2.96680695959863,1.36812505700279,0.62307083414856,0.50789958010555,1.31412363583465,3.94790480542093,1.40782674290025,3.63732363570915,1.66044645419055,2.07702748530426,1.50179678918917,1.20372025361423,1.16352146723985,1.18193365634137,3.35882129418849,1.38315974877292,1.53472020096387,6.96231307696899,1.70282407792899,1.69198360029055,1.62822703263435,1.02708071665391,1.05551716352418,1.00739222034062,7.24855997427497,0.818830535342782,1.52185940244204,1.59025012937922,1.092608831928,1.39782100149332,1.24273034929977,0.981223728729245,7.82221155918197,2.4746016507516,2.93438841499855,6.60669934145294,0.687096357178655,8.48798961183512,4.84596884266374,0.763216716921829,0.917143072161404,3.55031149729875,1.92116432314267,0.980652679166722,1.4475750778144,0.979014747541354,0.792349972015042,1.01260247003285,1.58004801909023,1.87479287631028,3.05542338072935,2.92387557540465,0.42799478138075,1.78140518578455,0.853444675787703,0.893724130537408,2.19045321655601,1.59798864107203,2.86377079731312,0.8920878058068
"warble_2",1.73589276339621,0,1.99206664854367,1.59875589697091,3.62816783954233,2.22200017592313,2.46852115509665,1.90278081046761,2.42027160611024,2.72626684847455,3.54653830941812,3.01498059506894,2.65485780673512,2.20900228609592,1.7442747659136,2.10061059838118,1.8562415757626,2.04787167193551,2.48080429603114,2.17893885497099,2.71312242016522,2.96805560154221,2.27613941318599,1.53941912794424,2.61254120222456,1.92545286011402,2.00603067166844,2.5330315733112,2.17170912939388,2.2573100677451,2.96989398190632,2.09879542571344,2.08139584250716,2.89216602742825,2.30822208640085,2.93467137924142,2.47226560248515,1.90548616239108,3.35145367023844,1.98956085019305,1.85679904443285,1.92477359092867,2.0613947747484,3.42277021085538,2.20633524712638,2.65189188622676,2.36725370890403,2.16201579056892,2.06700908871743,2.43014524758215,2.51959638777868,2.41098229075158,2.6512832326933,2.25935875816284,2.30397152857954,2.22952874274937,2.74700131249063,3.20204399551156,2.62836340808111,2.11967901939716,2.976637211102,4.73498828238043,4.67397087572953,2.97260478480777,3.14235159831824,2.35852008722122,2.79574339120453,2.18217120858153,1.9213545789135,2.42576725003162,1.87763145830002,2.78546866201754,3.81738939688726,1.79362420694355,2.30463318536022,2.1894651445163,2.31811186079746,2.85914404630216,3.25942181617001,2.16240518450562,1.78636520216847,1.7340316981777,2.56798665529928,2.65589214171488,2.34442757495351,3.70472204686465,2.04041355697954,2.48651422531602,2.11457822131528,2.17677843264105,2.0830335992864,2.30031702666456,3.03917333820523,2.56321042822689,2.46896971453217,5.59973703128723,1.81773110774585,1.64303071034256,1.8199508858375,2.32979928299037,1.88002228138448,2.18139680923296,6.81415727677782,1.86291043838937,1.70885966269957,2.06161871200997,1.64987133265336,2.19314267505208,1.91881639548184,2.07267229238173,7.02756918181509,1.63714705734321,3.18945049346014,6.01898162844849,1.96763104399213,7.20753362757702,4.08457545276798,2.18320994958128,2.01610355872647,2.59974112901339,2.90667419987532,2.21903666848984,2.40463914625565,1.79891769096731,1.55542247968108,2.07630194712376,2.66715555450093,2.67377800622966,3.86149026622938,2.10273391120293,1.90265723301777,2.36083839368178,1.99121475925334,1.80965232222918,3.1497447030002,2.39996994921757,2.59571873990148,1.93642160720319
"warble_3",0.855600685925232,1.99206664854367,0,1.1490130869194,2.70112098022177,0.772676462231267,1.91252294395806,0.810310283062074,1.48707368918484,1.58366239441322,2.56791992903753,1.78402745092165,1.60171208333704,1.39107155963207,1.46608599781638,0.978704366734483,0.790848035177414,0.842675823250088,1.29554012716439,0.966780116533079,1.63738951258752,1.98450560253654,0.863131131223884,1.50210973241283,1.50085635212533,1.1711306372679,1.25503527728749,1.82427719337912,1.06663349640809,1.35895717650904,1.92193425497516,2.22898097603928,1.52626857031349,1.70874790184688,1.10199857939058,1.82416278033262,3.16936528637187,1.54669957052787,2.41428934084386,1.14314697923045,1.62101849635656,1.31786019911434,1.09999591689541,3.7867933761976,1.13548575876511,1.51650863894838,1.35529039047637,1.29495220574654,1.10484713102696,1.53468339546641,1.91173387697872,1.37136213956746,1.59574702836097,1.18463281537158,1.35357101583558,1.23853403400589,1.92890682311689,4.22913477218203,1.64622109648075,1.23089482335392,1.95646506218627,5.02289053295429,6.1475962203902,1.9705209023651,2.03668299301135,1.81707110321494,1.8163795786225,1.45991508069777,1.21029658934437,1.06567230457101,0.994926459326899,2.26636303555514,2.96857432496931,1.05324285960202,1.17741871606291,0.56975197833503,1.7242119113484,1.87875740058218,2.84703357215466,1.5632220641572,1.05162307223147,1.14853164857749,1.33028826758094,4.27153734723736,1.68124483398786,3.19664378944389,1.48115433399957,1.62641104581133,1.59898053561255,0.853290386601847,1.22356011844149,0.899573995310656,3.50956484182632,1.41989385872074,1.41193401429146,7.15172328521936,1.79789444433401,1.73831147483548,1.91189988813184,1.07596205684258,0.982150031703866,1.15011533573981,7.56134942700875,1.40209228592676,1.66110258083489,1.74472500494668,1.34838477143793,1.51349841195541,1.59360758878327,0.88361903981965,8.18696703593013,2.71148661915447,3.09643156838631,7.14481117810237,0.789650153680375,8.8223543423996,4.96070309696977,0.885044011908874,0.945939680891043,3.80982480528071,1.82601922991682,1.14484740701413,1.57221400922904,1.2870026412225,1.26661150404831,1.42457052407658,1.42282021851539,1.86063024908963,2.90201510757464,3.40753765200967,0.700563893553725,2.25703541550214,1.337477953688,1.39026014724893,2.18556446997292,1.81214368956499,3.02456069095805,0.872364656810296
"warble_4",0.926155608582668,1.59875589697091,1.1490130869194,0,3.24056800913456,1.5562944526815,1.67508184002021,1.15141773762595,1.57809734781506,2.0685335791319,3.08671380996055,2.32505232994305,2.10379485052114,1.75584605374634,1.40132822325734,1.5261269587384,0.916027983940869,1.14591621581199,1.83879407605028,1.33967532565368,2.1744644366273,2.46755309565045,1.31191310042062,1.21659511831377,2.02916499283369,1.01707650947878,1.46417865917746,2.22292990392274,1.45924064902706,1.71308334673452,2.42378348746672,2.27360139198068,1.7142936939129,2.26027328557386,1.57350481909644,2.33582255491689,2.73904306616255,1.67102901673232,2.84970870817778,1.37219790913408,1.58477188063188,1.5308552669781,1.43392486970436,3.47800486859734,1.54493466478573,1.94563157844874,1.64311659005501,1.39208121559906,1.30980605620983,1.85778051260089,2.28980553768982,1.65571338777201,2.05202760919792,1.44883094372271,1.5562635421242,1.48731183175385,2.19647689931218,3.92279732570225,1.95903192736493,1.50694551858644,2.50891787201297,4.82120781274104,5.65561175277661,2.28711240961698,2.46104032711519,2.18492449476395,2.34316154347406,1.74133511522905,1.36722318585192,1.68541414729741,1.47262001596157,2.12192951245208,3.45178583351422,1.04477246415292,1.65830730797191,1.2352782905766,1.6392397125986,2.25350642627496,3.1448290165175,1.5525489301176,0.867117054944303,1.04193513924317,1.7985741819868,3.65525643047645,1.85986545726205,3.47136784756013,1.7172909698201,2.15427084731563,1.67605418814997,1.31362332073951,1.36134606508922,1.4455230403137,3.54395843852879,1.95425443165936,1.93546284549466,6.74490903158534,1.76239046782154,1.73261971684915,1.6718096431335,1.55221538395496,1.45634225796986,1.52042556609667,7.22580927529405,1.33260887446336,1.49280472920676,1.23617218989931,1.24713655570046,1.36929942784652,1.66067036822384,1.35602753972303,7.48850605897281,2.58143883492516,2.92500834141249,6.55714620909382,1.19337400336851,8.19578701683705,4.70039555421335,1.28221339314127,1.44550646201417,3.4539486560884,2.40291073384225,1.51102003357796,1.93180398734419,1.488077756042,0.84707249370596,1.36817709563047,2.0255147078418,2.30769188315541,3.50872928136178,2.92550290974692,0.879793807407524,2.17669504841986,1.29274248718366,1.4176373442423,2.68604583440463,2.0718847574463,3.02153639963115,1.31309816805963
"warble_6",2.8512216111634,3.62816783954233,2.70112098022177,3.24056800913456,0,2.74581381574135,3.61525756578908,3.1577423322168,3.16526837117969,1.4800801969303,1.13662030670447,2.05310916645151,1.96723877891211,2.29593666578003,2.23054909399218,2.44064469137724,3.04769227994818,2.7384685842653,1.68790685553386,2.30751239560574,1.26757346407902,0.905542663529605,2.49503628031239,3.62566031089884,1.36440451248847,3.4196554848915,2.27657828302939,1.84089975377314,2.26838127202415,2.34425491237182,1.10734394629529,2.83015906975045,1.93809046850402,1.30124622315833,2.07152635696625,1.9021052954907,5.16431759454236,2.16067517775063,0.777773541705776,2.3166397617218,2.57087845211916,1.94273558887686,2.23352636688905,3.64207736896394,1.89754272694782,1.88280257583632,2.02148408402667,2.437296078083,2.37693566641081,1.63357559767239,1.86201450757321,1.92692163782644,2.37458167094328,2.21257468715989,2.03816654488063,2.17203312226603,1.59947937035585,5.38219451841377,1.48643602876782,2.41313022187685,1.81896896589125,4.9284334754832,6.82759912390556,4.21822937859713,3.77429290325834,4.15501022413595,1.94523708085468,2.91155246709285,3.20999894068958,2.29828586245552,2.93411995045755,4.81935749472023,1.11503055285273,3.24806769943111,2.02812497632373,2.51352471624809,3.56996724908844,3.76314415104249,2.05110201457375,3.83035089859715,3.30510042649473,2.9104391382565,1.82301994805888,5.24514076065967,2.58463018825232,5.35253628410976,3.82809371075411,3.86187008222181,2.57674077897684,3.06105602313886,3.48918141074549,2.90396539102202,4.35965241118752,1.9902987892836,2.86110243047073,8.19412296621328,2.57224141331737,2.66494109870956,3.92046525020819,2.18218308888861,2.68720977584814,1.91697082525345,7.73415723778748,2.80398940213327,2.64586892358177,4.11856966764175,3.34717460173486,3.98927735975863,2.81879893988952,2.58943949082413,8.4988523330158,4.02108518057899,5.08449175997551,8.06718870704975,2.62558466573444,9.48364613081446,6.24952681139895,2.70544412875166,2.29422417605722,4.2871721055701,1.25938100044068,2.04682556258838,1.67329850435372,2.5845101641454,3.04777681025169,3.52184462903773,1.57579157105816,1.41887203926301,0.609146020544091,4.3046276192314,2.71287113865976,3.17606953304469,3.15526444919385,2.86288630980685,1.04597957704833,1.61412248683549,3.98953519995035,2.23406566965533
"warble_7",1.25783087406796,2.22200017592313,0.772676462231267,1.5562944526815,2.74581381574135,0,2.06106472980438,1.01905198480948,1.42011151084895,1.72697005341946,2.5994336235609,1.6445504632221,1.45330623501193,1.29465800547166,1.62747549680341,0.82287435405581,1.23120825530941,1.08539303246685,1.43343297505793,1.07539099955533,1.60159311069909,2.0620717041409,0.942790660837324,1.85470215417913,1.6483207923631,1.47960612920756,1.66855721226009,1.92398456852457,1.21797197152237,1.20213496462056,2.13272245396079,2.04317318523181,1.71140898508135,1.73849705327675,1.26653013500567,1.64755192742064,3.27608124347591,1.80837264121324,2.59855104027864,1.47308437019114,1.83314414497261,1.56470028108166,1.50815674045454,3.85207682714358,1.336583962082,1.52531392554629,1.66007384933235,1.65080031451551,1.31044979559681,1.7878578411869,1.92426545539812,1.66352259464458,1.3516038266351,1.54929365766027,1.71589199092637,1.57063098916181,2.22618115464584,4.21161936461411,1.79606961022795,1.59170142885067,1.68121454959505,4.94223241780803,6.19459600196732,2.00744942481543,1.74126064650363,1.90166719356148,1.49293304468637,1.64564735967584,1.35901985847338,0.793543883634753,0.834673396153398,2.46945102776653,2.96271787152577,1.2228302497294,1.02265653564273,0.692819394949903,1.81293197873515,1.6316901744402,2.81593577881195,1.62821940009501,1.31069968024859,1.45137660371922,1.50188405821988,4.24075707183358,1.59364442418157,3.22229335064991,1.7702185213713,1.44497353227674,1.33235475167338,0.942209514631653,1.16533102366644,0.719036975666487,3.5328058251704,1.26044397985369,0.907181414801865,7.16224942539764,1.71911979293651,1.65146664759412,1.98826854974353,1.01738812541506,0.850645695218268,1.32855894602231,7.5949174923693,1.63676296748346,1.67326247097801,1.82912199132334,1.50184714283179,1.71061752053111,1.45285997536721,0.970519231362861,8.26036181161996,2.58142395419743,3.07724452594608,7.2919440127447,0.946776588611911,8.78404031816941,5.03647323022764,0.870935269692112,0.889190604852234,3.78761512267382,1.73905316230966,1.27849023639417,1.58486435853732,1.31260562477206,1.42887262052993,1.53878197355908,1.47413469995894,2.03086398793418,2.84615237640369,3.4421940739794,1.13824789963572,2.25180387037122,1.48532691632579,1.45770967758907,2.20449205343479,2.08685474335056,3.10354501034635,1.12127312322485
"warble_9",1.7290208540438,2.46852115509665,1.91252294395806,1.67508184002021,3.61525756578908,2.06106472980438,0,1.74415990867121,0.88620417830812,2.53016065312956,3.48955664273448,2.76748237857155,2.5854286854127,2.28683284878209,1.96850726971627,1.80001515088082,1.49451187453117,1.25252705576919,2.36861161858718,1.87949330791358,2.68666733593509,2.91215468391123,1.8533586096575,1.82721973207344,2.49090166068386,1.63233475839663,2.07245882415547,2.70997841301353,1.91632055721557,2.1514025026242,2.84506702312011,2.95769486439894,2.36987794136636,2.69422741896528,2.05315962529918,2.78755073718427,2.75647937923169,2.33337431000767,3.22515191029049,1.96330701408498,2.16018744818096,2.20547324438417,1.97562179944151,4.11507950444271,2.10620782846416,2.43370691260733,2.13201287809228,1.95849666126813,1.91442302303196,2.37300981426183,2.86725438179984,2.18497209930581,2.49086830236613,1.95027279208351,2.01457090790634,2.01595826257569,2.64926825215236,4.11629575815598,2.3335294663688,2.04513456878206,2.97818984563303,5.28317655828873,6.16099977414687,2.62507479768974,2.67215182075776,2.53712203305408,2.81988670848078,2.35207579274923,2.04843365026484,2.16813585064373,2.08705939926483,2.61289724038557,3.82213163994929,1.62380956141614,2.2380327651063,1.76135497824638,0.586298079723607,2.45917465684087,3.67042968258021,2.13385202258085,1.66550962782658,1.80802293313972,2.30868107349486,4.19949404216221,2.39697396377515,3.96513481203678,2.40673908367729,2.66459370018339,2.31683347451017,2.03237934929559,1.9993082297765,2.08634006545892,4.10837247711106,2.42089138246599,2.43731820428589,7.143729613205,2.18812962713052,2.5282596184969,2.32266005369113,2.07643865049944,2.02869371029239,2.09532581742485,7.66261262874282,2.02568784856894,2.17122020661287,1.51392881493202,1.58700976199173,1.9611846701589,2.1901918145075,2.04390996801506,8.03206795934893,3.01052137370055,1.82927830442376,6.96211618424984,1.82987285885481,8.60237311768436,5.09126877917739,1.85813752429507,1.98038271215796,4.06626922457747,2.80793208536367,2.12893111065959,2.46984800854087,2.1677907497316,1.63242541495055,1.97843967022695,2.53954714932057,2.86274862509921,3.84449802229075,3.53157113076032,1.6494656654454,2.67264038160341,1.90758760586345,2.00524073199702,2.91379620665759,2.60751495019875,3.52220820061728,1.9813729072067
"warble_10",0.736399980448372,1.90278081046761,0.810310283062074,1.15141773762595,3.1577423322168,1.01905198480948,1.74415990867121,0,1.32366102433578,1.96833864928543,3.00603308311762,2.20556183760589,1.73800045071557,1.70942649062034,1.56258451077942,1.31854268654792,0.833305116596549,0.889390465003333,1.73515880853754,1.17975032497587,2.10004843929762,2.40439032470749,1.123829250946,1.28050145544269,1.90384866431181,0.907116822329053,1.46308155487004,1.92169300027766,1.29033912943031,1.62184617927323,2.37346957127636,2.41277968620933,1.8434047753551,2.07090247570974,1.44840681292874,2.18323906959454,2.60304350907624,1.73410175133587,2.82390635571136,1.2744174678418,1.51358238651076,1.60920420696083,1.43743427042521,3.87689241114902,1.38863371807861,1.82623904748872,1.5669792191305,1.28329591084264,1.29419909163529,1.87882646561805,2.33014302488062,1.71057888587568,1.8765819050809,1.42731287609314,1.59522535353351,1.49195554877341,2.25624577700634,4.04904427955107,2.01520707533567,1.39993523549818,2.32560096266972,4.96162352620849,5.91873254318077,1.90233271032495,1.91579711033952,1.704733176954,2.12323001299519,1.36250380035348,0.90764696736947,1.28163468266707,0.80250723218852,1.94984949385566,3.37885177474281,0.865481335412238,1.44099597383657,0.9080369919543,1.50623941278681,1.79649601477693,3.18749424298661,0.973447894124133,0.714600492326186,0.900878965549203,1.70064187016702,4.11648661225144,1.62173008847551,3.10956590151408,1.25653158748629,1.52435311737271,1.58487235596358,0.867424704922377,0.653792650876764,0.945787604391297,3.36831761014015,1.52115987647831,1.22130490949201,7.01842777020067,1.8651431208316,1.82898573526133,1.43399550328861,1.27631593257945,1.06350884608557,1.42559310888311,7.50287683773416,1.31683494825947,1.82174096415397,1.38293756188811,1.01366317512173,1.10085555986823,1.39751261197674,1.06847778109118,8.09543314266963,2.42905335268621,2.62412756032098,6.84804511232734,0.966529975475849,8.60156972696767,4.84217644413894,0.844153049940384,1.08068800790321,3.69974452854401,2.13672113548212,1.38062607962593,1.78740040118789,1.30000583753001,1.1001887553229,0.92196735333459,1.77455981697233,2.16809404850962,3.27829804690162,3.13171025121698,0.806257085566468,2.00866848063596,0.970126755485906,1.09351454139293,2.47310365571037,2.07318120054811,2.92652440546678,1.11441479221013
"warble_12",1.3841766598062,2.42027160611024,1.48707368918484,1.57809734781506,3.16526837117969,1.42011151084895,0.88620417830812,1.32366102433578,0,2.0910022055129,3.08667752780573,2.25820453117768,2.00459050126546,1.85828088535616,1.63893087591148,1.30538770288335,1.23729674528974,0.858889663011506,1.91141952866994,1.33316516677441,2.15106761571599,2.44997697927021,1.29132576226491,1.79682639686103,2.03015856444609,1.39221052520783,1.84110583183081,2.30183415166564,1.52020801359471,1.65428829921218,2.48026432250191,2.60320143164043,2.04948756239629,2.17402728086549,1.6362952994161,2.25912423904341,2.92927994044776,2.05235859501444,2.86610434592502,1.65717177951829,1.91445104618319,1.85420367867323,1.73846308956511,3.98801220583343,1.59556807642195,1.95470242751801,1.78715166998295,1.63986955837951,1.51705665037553,2.04281752891552,2.49300420529958,1.87276318282241,1.96276826810496,1.63114939858147,1.73294465506951,1.70796108406833,2.38580363779748,4.15262014906058,1.96736869959103,1.76957986825935,2.39237177376565,5.07044440336543,6.19111291008063,2.34224402358003,2.13017161847158,2.38749186327265,2.19760035922531,2.02369044702032,1.69215218443608,1.48106753061862,1.52846154668442,2.5161986379563,3.41984879449217,1.25732189131939,1.58143049102487,1.17209910042416,0.743626078635886,1.99102591245559,3.30868138094558,1.80580516726267,1.34131890366943,1.48585117588787,1.85724038446667,4.18599021264212,1.92766032027282,3.77963615061677,2.2285008883668,2.20582149825388,1.68329507352375,1.5181032539233,1.49374864605725,1.44201368568512,3.90271931832485,1.76992307373608,1.69383485976399,7.22754675579748,1.83227140513293,2.11175245722107,2.10429559003111,1.41348694077338,1.44203841093397,1.60585860688766,7.63541298055008,1.7107349123105,1.8157672301899,1.48353527194776,1.36006359858316,1.75803881212643,1.7088756983157,1.54369371759508,8.15217853332368,2.82557916265663,2.1730428626178,7.08857642168508,1.32493609460791,8.67421876460195,5.11512779690685,1.18414271489413,1.33731162209519,3.90685380031069,2.17998623650463,1.63667203067244,1.94032828781256,1.7137417142549,1.36563057751158,1.64336789896491,2.00263391267235,2.49309516379851,3.32314755768698,3.39532390729514,1.25981739709092,2.3063608071414,1.53179782851487,1.60855119867643,2.4594532123973,2.3108594904829,3.33489401974034,1.49475238220401
"warble_14",1.59168605526517,2.72626684847455,1.58366239441322,2.0685335791319,1.4800801969303,1.72697005341946,2.53016065312956,1.96833864928543,2.0910022055129,0,1.17047979742927,1.04746910469503,0.917490854368591,1.141953498732,1.27112810905435,1.48831201588316,1.76646611349687,1.50244042699765,0.373689344723505,0.997048107476128,0.705486767669867,0.663313042344157,1.16962719966826,2.46532004471051,0.549707356208145,2.07323891179336,1.11307772477883,1.01525635927966,0.917171677405001,1.16047133518029,0.583322513449407,2.06339986468207,0.88359306107321,0.367673316433564,0.678253376102897,0.97371034028603,4.08316074955756,1.24267656620795,1.0483592641114,1.01218444494788,1.42940177629821,0.849234470123374,0.9959724591973,3.44526930863744,0.852874977691517,0.593852590186862,0.674974269692904,1.14428828919959,0.996673242568537,0.473758192586703,1.32521290716353,0.565671921936642,1.27126289941569,0.841863912526512,0.788724266754231,0.795660631686189,0.666206346230213,4.78941678189428,0.549044873619144,1.21963307584698,1.18075986078385,4.77082533293349,6.41247477766116,3.2667607259335,2.98443522337208,3.27808144825489,1.19202239785039,1.85992733060797,1.99330236920067,1.13285604631713,1.83280104512489,3.64561494922767,1.57274235431534,2.09288731719784,1.02029163269398,1.33666361509316,2.52000423806219,2.90763357226743,2.06658759677915,2.59844161586454,1.9968344375584,1.65587079828314,0.370408178132326,4.61003709848536,1.38361022678967,4.57732516078022,2.8132867596605,3.01954272634531,1.74896385926666,2.03112495363941,2.33205531061492,1.81569883262866,3.83765638212967,0.963151124083546,1.96028212876443,7.71911040723789,1.82330984815407,1.92608348395225,2.77635974135185,1.02200374108388,1.70203259833789,0.725819703550859,7.58597252429225,1.60970281125327,1.77220712977444,2.88342480605232,2.25071976418874,2.7033927753067,1.72315984475706,1.38731267045689,8.29400051829427,3.23460295101521,4.03822793193816,7.41586265264312,1.35796467611686,9.06762156167497,5.65337455541262,1.52110150070916,1.27425960942696,3.91721206491822,1.02471697146692,0.727963790326985,0.78324994347727,1.41310413317376,1.85809618145988,2.20156844500392,0.731004805371434,0.861104782379034,1.72867418446651,3.65870486379636,1.44097261090496,2.35004834324703,1.87589257182154,1.64633399856797,0.887537791098187,0.831826535416497,3.42957435830947,1.25588061498692
"warble_15",2.69075148642796,3.54653830941812,2.56791992903753,3.08671380996055,1.13662030670447,2.5994336235609,3.48955664273448,3.00603308311762,3.08667752780573,1.17047979742927,0,1.3763840429392,1.54029970090155,1.81881993531783,2.18145160661273,2.36195231274773,2.80803548865949,2.57220758498229,1.40647518158808,2.10166683290981,1.23809730267529,0.984312782626152,2.21764289757452,3.45164202191523,1.38613338427373,3.16364753545757,2.05711937439555,1.60150192591262,1.87588744210354,1.90294634648523,1.03087109945018,2.40239159739428,1.65294116010771,1.10352385530905,1.69445067048624,1.24236255037288,4.92764695550715,2.01618697616589,1.02404815335753,2.058882400518,2.28900899346942,1.79919307651366,1.99754710213526,3.63299546529276,1.9346773447966,1.34785296470983,1.77103584344808,2.2429468997953,2.05923966199401,1.39794043119718,1.56034889551753,1.54880332649436,1.77875636000998,1.96099140959618,1.87319619318727,1.8579523192024,1.31738044484497,5.33525879071109,1.33186496374324,2.17563328671931,1.30187904539302,4.88124730745955,6.82578199875998,4.08288719337454,3.70489982077965,4.12427108896234,1.52228977879074,2.65325036591135,2.91717872530625,2.05453228746768,2.7569422812127,4.63155813760672,0.574960420365738,3.07629592468604,1.91532793164357,2.36440939478881,3.48242779714763,3.64208642982482,1.85602163872316,3.55247401718958,3.07291041555745,2.71721648601849,1.47219089953505,5.17248243260357,2.08868874986126,5.28043445855593,3.70217089848459,3.87401225470061,2.56307876865618,2.96321655219012,3.31478761894611,2.73284801975243,4.18531533160797,1.77335089755964,2.7616124699691,8.19593523044375,2.51495528061948,2.59217232267747,3.68947532286225,2.07464416928488,2.64960889482581,1.8371176146263,7.81271712238597,2.59067451883306,2.5694496033283,3.88640246207039,3.21268346454911,3.70324575174319,2.53231785100396,2.30457220488829,8.61950280219084,3.8572707290203,4.95625648469855,7.97648885349256,2.42811081051071,9.46243714548534,6.25546883013955,2.59602493529886,2.27069936951796,4.36365202102272,1.60139639643668,1.79794492177091,1.61063147892869,2.27772452122653,2.85524031059485,3.17907055139097,1.44511112421135,1.15993636388241,1.30613626952493,4.29562543287976,2.54835536523738,3.07282937080512,2.88382479299295,2.5813493489915,1.04554255081903,1.52623318176876,4.00647675988533,2.25729859085521
"warble_20",1.9851712859119,3.01498059506894,1.78402745092165,2.32505232994305,2.05310916645151,1.6445504632221,2.76748237857155,2.20556183760589,2.25820453117768,1.04746910469503,1.3763840429392,0,1.01518383575003,0.945666610441954,1.83944133750096,1.59590360957971,1.9738328234154,1.79522993350511,0.970913714790091,1.31637170495123,1.08968648012869,1.38608899338572,1.25184710351682,2.71590640999037,1.32564116840265,2.25100669265662,1.71264002018097,1.66595064287753,1.1625283133192,0.919705981599625,1.45422595205304,1.81171287747881,1.35511393102736,1.07454807336889,1.03880388488882,0.411200201879382,4.23952705975357,1.79406923461005,1.85711637408271,1.58487825666502,1.96874442104159,1.50060138770542,1.55154364987045,3.73823634483309,1.56782308833051,0.706865940380736,1.44358025698611,1.79201671977469,1.32527032087362,1.33918303784936,1.38130529965515,1.21358337102794,0.635002960414168,1.46900473680829,1.59642941682518,1.39420068002467,1.57396779084995,4.83915254135055,1.28989480976435,1.68018856172357,0.679726581459968,4.92980582520756,6.63766410939452,3.20534361360661,2.87373728553831,3.37411980370212,0.80924828234661,2.0617595620199,2.0888625469719,1.10829325103581,1.94227346055745,3.67001178893671,1.82102166257102,2.23277467448766,1.21984737220552,1.50361151327552,2.73308085237069,2.77816946652481,2.09154666730393,2.68174566058612,2.17275599491788,2.06505255112108,0.975193707448287,4.69033822862361,1.44136404885575,4.52842953263392,3.029465419194,3.03035099977044,1.90083381614105,2.14869259460043,2.40673200388877,1.80074622492186,3.9837154707864,1.23784622237938,1.95518246647118,7.77411860474648,2.05514225852762,2.06577395664616,2.87062888209112,1.33191796711289,1.85846619189231,1.3924066005416,7.79400931416195,1.99281922550553,1.94088940163843,2.88256174471436,2.47860463989094,2.73922721590131,1.86111947219145,1.41773078428619,8.54796900535287,3.33037146658529,4.15629105833272,7.71020505419445,1.54913187200807,9.17790729923521,5.74016701516128,1.72731702411056,1.59843068835401,4.16444005873085,1.60826433035262,1.21774330088357,1.41728783150614,1.60915922661768,2.09251479796147,2.30983837922926,1.25877603523943,1.52790888333068,2.20630432186641,3.9835167485995,1.78747896753228,2.69492665450332,2.12040184288937,1.94485580543039,1.59262650983339,1.74238293426772,3.67109205591719,1.73939082875968
"warble_33",1.58593627567769,2.65485780673512,1.60171208333704,2.10379485052114,1.96723877891211,1.45330623501193,2.5854286854127,1.73800045071557,2.00459050126546,0.917490854368591,1.54029970090155,1.01518383575003,0,1.0004950439047,1.35925424031754,1.44512715516366,1.79041342473732,1.53770301312472,0.898838416283507,1.04205292127612,1.0091628670785,1.23734019679728,1.13961165231584,2.3861585708526,1.05427775439964,2.00886800198051,1.3610872064705,0.981174580825885,0.904030946527335,0.932886510893356,1.39148415775129,1.77765778057025,1.14763410994926,0.849052566536186,0.898062553698289,0.779460628383058,3.71204025847421,1.37119953285082,1.73302663347758,1.17979081280041,1.35961548062807,1.16245813358524,1.35955120835253,3.45200668480559,1.10575589299007,0.611280888714574,1.09408506788506,1.31263739149262,1.09247543247806,1.09982763476044,1.39150143865017,1.07642584271282,0.881878829562679,1.23917595766169,1.30674001662701,1.15783703813472,1.40335973352569,4.48822942222094,1.12435555861839,1.35970967921001,0.901717159104988,4.54010730086333,6.15029477498097,3.06119500084282,2.61620313542077,3.08310935647818,0.801898531290502,1.57128893755687,1.64407556490271,0.834860552980215,1.45192236713288,3.46024594224966,1.88883804691505,1.93271314468804,0.835879449481572,1.29305869932958,2.48282143534935,2.57620009225836,2.06019876606446,2.21437964992053,1.84606376374065,1.56930848350524,0.880009828516885,4.39587359844003,0.883758936389735,4.31822701206601,2.63633770819169,2.72749693179346,1.4269388279474,1.84302592575091,1.93764184598127,1.53358309348115,3.4763192119956,0.447673461543228,1.38065496700812,7.49512958787846,1.67989021359798,1.69249760502279,2.38314099720428,0.960299729123253,1.49463409429766,1.00659025102827,7.50062366234012,1.56930710289906,1.75075101329622,2.67495938267352,2.03087362185576,2.47697508527927,1.26125070353141,1.15078487025499,8.23094657195259,2.81901423534393,3.82025126708897,7.29122649024978,1.32832626418158,8.83336954923906,5.45317403790217,1.35134471249993,1.11753834458623,3.69494681182064,1.19678030286639,0.818715028547819,0.870163790577357,1.16019871352501,1.71108756013193,1.86824681273141,0.889240863852074,1.09704808233262,1.98614482286647,3.4041335387839,1.4969577947409,2.03504988317752,1.62925999275376,1.30474330631868,1.22795435435132,1.33093207966544,3.20181514975148,1.2937627694417
"warble_42",1.46716642380822,2.20900228609592,1.39107155963207,1.75584605374634,2.29593666578003,1.29465800547166,2.28683284878209,1.70942649062034,1.85828088535616,1.141953498732,1.81881993531783,0.945666610441954,1.0004950439047,0,1.2495413954273,1.0401879315276,1.54537180181838,1.32082832776167,0.89591685737175,0.969325825932323,1.17589026236134,1.52926573729612,1.00080570206923,2.08446181339694,1.26070637011565,1.76589632242722,1.29603604550821,1.46114705264067,0.808062420941966,0.533818153963104,1.55732974490874,1.20733555483753,0.818751313186694,1.26877656905682,0.757376377436576,0.906926080154362,3.57679877100949,1.35024315261875,2.03421112067531,1.1010396847946,1.35436313975502,1.01455476710901,1.09098933676438,3.40116584536108,1.28140682238109,0.820753263433598,1.20449988620432,1.41262248677249,0.872482161737011,1.18377109912393,1.21644764667664,1.05872072283505,0.657839775079569,1.18380020566268,1.32419088463704,1.08309124884178,1.50666445206858,4.16035584951696,1.21880247664682,1.28720576185942,1.06841078249058,4.66624775203755,5.88706987817562,2.96462324054747,2.74315447632262,2.83875279520392,1.00683749254004,1.66708020827519,1.5954173472488,0.938691423270384,1.41056233743738,3.28848844897757,2.18995158212449,1.78267055561237,0.969452119179845,1.20453449019234,2.24535706124063,2.57276185967859,2.01854103422744,2.22271555930802,1.65438927072752,1.54067443105781,0.983084380832983,3.94000969654736,1.0988434153886,4.21031616582121,2.51294006327796,2.61125286994104,1.42776781812741,1.8314066902014,1.96279238574113,1.56088870455931,3.56881507117115,1.13161484807723,1.67742298793499,7.05845875144893,1.3130711648653,1.36792943041116,2.23268840193217,1.08563551838635,1.37263674333714,1.05740219889716,7.44452955804941,1.50004001726819,1.25471094939479,2.35122785552396,1.87622286523713,2.31765554204748,1.26673269922087,1.04348044571957,8.01916018657607,2.5987792891062,3.6308109162712,7.11756037258989,1.08789168303387,8.41787041175338,5.15649237042791,1.38537472051769,1.21318592563357,3.4211967518661,1.64232892044791,0.907294555300573,1.15718956608515,1.14259263195305,1.46033149665417,1.84970206043762,1.31012069131117,1.47909231384651,2.47822971061673,3.25909766185045,1.3589757762148,2.20593353248759,1.64926984144501,1.3484106119026,1.70443533472644,1.50166650458465,3.1359216070651,1.33946715571628
"warble_43",1.11783371749679,1.7442747659136,1.46608599781638,1.40132822325734,2.23054909399218,1.62747549680341,1.96850726971627,1.56258451077942,1.63893087591148,1.27112810905435,2.18145160661273,1.83944133750096,1.35925424031754,1.2495413954273,0,1.28480594189852,1.40771967711592,1.18539782771477,1.152445924688,0.964112213314261,1.32472187547329,1.49259229034109,1.24237867236157,1.71340403611664,1.21184346173155,1.63032303712262,0.938372249559184,1.29662399015774,1.02097515371455,1.1960222613066,1.56759747066325,1.77247201159799,0.885674068032244,1.41858451550573,1.04939971794308,1.68447704199602,3.15826644955157,0.876168805749948,1.90439622058929,0.87780799894032,0.843473642163337,0.615822985819922,1.0372819160533,2.9794503767097,0.828099395173148,1.29389808797476,1.00128077068729,1.00498529686342,0.927993267371121,1.0220507862948,1.4917917784336,1.05932198564373,1.61113632890821,1.02534381483488,0.928026713149425,0.942215329365694,1.33118899559144,3.89277519170217,1.10330161474512,1.16728961665685,1.77441991313299,4.33893107691161,5.45832611464047,3.0305111597706,2.80410612232532,2.83322315427073,1.60461102093735,1.64288300940634,1.60512400012652,1.32380729198296,1.41082145749308,3.18143655568435,2.43719921431183,1.53625012163681,1.04778281453088,1.27485351072436,1.91254508243393,2.64713897072249,2.35362883806577,2.10092984795174,1.47270961528413,1.04586972989174,1.19356570748307,3.55871830838908,1.25054281412682,4.23896088693903,2.33536742277995,2.66110980026227,1.20772946182981,1.75871728122051,1.87290242438331,1.66967120238425,3.22978634884096,1.23775693110011,1.77138935163073,6.75525082493016,1.09088850043837,1.28486475555299,2.0865943400942,1.06542301822935,1.26248505535224,0.762201422907483,7.00422648700426,1.0996468691793,1.11083649104721,2.2047979638623,1.44898705014472,2.24811717088821,1.0967292812292,1.29945004861566,7.41836049100442,2.40289683764616,3.35749263816866,6.57534003252206,1.15416539609104,8.09449494243027,4.82325347565854,1.30009048886629,0.95142852510162,2.9844956098681,1.48506077779076,0.851739437246776,0.896959372670336,0.96626921098398,1.01485592891675,1.74688247660685,1.31714081919678,1.37461449429613,2.45638694428331,2.56139174342353,1.10939643995571,1.67346575685551,1.39109294189154,1.01953861722934,1.60705329032073,1.05295410486551,2.72183798109574,0.893338122197465
"warble_45",1.2781080887114,2.10061059838118,0.978704366734483,1.5261269587384,2.44064469137724,0.82287435405581,1.80001515088082,1.31854268654792,1.30538770288335,1.48831201588316,2.36195231274773,1.59590360957971,1.44512715516366,1.0401879315276,1.28480594189852,0,1.34537752863279,0.905695209722264,1.18507006879206,0.970676047787351,1.35628293074005,1.76495493049413,0.99966754913502,1.84154199621994,1.33753549330899,1.60555488918398,1.40646129148517,1.76339994280685,1.08669410151755,1.07047498043839,1.7911862203183,1.85578958831396,1.30624984316343,1.54950150245174,1.06686713453475,1.57855222560482,3.40408647216383,1.49172838766187,2.26647750490238,1.23218962801657,1.63296212264094,1.23567848548455,1.13077158485727,3.57409589002423,1.15404477660887,1.39257866777625,1.40626913177523,1.47312912952332,1.11829163979459,1.46605331736246,1.62064730458184,1.42901224432894,1.36476833517221,1.31536261400375,1.42268678387063,1.32837469427209,1.89007840661569,4.03478755542874,1.42760933602172,1.34458318252166,1.63817064252903,4.82925217815093,5.98746669827888,2.54769081604292,2.36198562968015,2.17450434060923,1.50887218108242,1.67151627585421,1.55247541623172,0.955486235631264,1.14779219021679,2.95566117908662,2.71620519466324,1.5249844031555,1.02060228102204,0.868378493194031,1.71210169165988,2.22608257493461,2.49035835764797,2.08051381755798,1.47207321750547,1.47067507691886,1.32491203118619,4.05253470007786,1.63198123724337,3.78181083438131,2.13662460345609,1.9862291617643,1.38607531833859,1.47788976454946,1.66580153571038,1.34034169106556,3.650852000873,1.30509638866658,1.44014139160132,6.99913766334881,1.38397914748371,1.51138401264615,2.14875215180034,1.01169378418878,0.949891026955648,1.09965140142712,7.45996654177398,1.55168508065989,1.34910667479907,2.04007599744105,1.56374965727803,2.13734316168209,1.48211283337891,1.08618667028464,8.02117823083413,2.5375073299915,3.08759520254558,7.19939466674359,0.931050145907658,8.58781078637209,4.95261266733486,1.09877684452806,0.910233706940797,3.55023047370645,1.57755528494521,1.13782396097462,1.38703868901468,1.36520881237955,1.31675632847903,1.8564592288781,1.47096325669186,1.83167887860809,2.63182679240362,3.3397974968733,1.1553473252621,2.23132461915509,1.64206909430412,1.47070711460072,1.93460421176215,1.73707199339806,3.00321284958732,1.03903703310709
