foods_mg <- list(
  baseline = list(
    "biscuit"          = 13200,
    "invertebrates"    = 10000,
    "gum_arabic"       = 12000,
    "protein_rotate"   = 2100,
    "seasonal_veggies" = 15000
  ),
  biscuit_elim = list(
      "biscuit"          = 0,
      "invertebrates"    = 18000,
      "gum_arabic"       = 17000,
      "protein_rotate"   = 5000,
      "seasonal_veggies" = 30000
    ),
  lessBug_moreEgg = list(
      "biscuit"            = 13200,
      "invertebrates"      = 8000,
      "gum_arabic"         = 10000,
      "egg_whole_cooked"   = 5000,
      "sweet_potato_raw"   = 5000,
      "green_bean_fresh"   = 10000,
      "carrot"             = 5000,
      "canned_pumpkin"     = 5000
    ),
  seasonals = list(
      "biscuit"            = 13200,
      "invertebrates"      = 8000,
      "gum_arabic"         = 10000,
      "egg_whole_cooked"   = 5000,
      "sweet_potato_raw"   = 5000,
      "green_bean_fresh"   = 10000,
      "carrot"             = 5000,
      "canned_pumpkin"     = 5000
    ),
  oatgel = list(
      "biscuit"            = 13200,
      "invertebrates"      = 8000,
      "gum_arabic"         = 12000,
      "HDZ_oatgel"         = 5000,
      "protein_rotate"     = 2100,
      "seasonal_veggies"   = 20000
    ),
  low_lectin = list(
      "biscuit"            = 0,
      "invertebrates"      = 18000,
      "gum_arabic"         = 17000,
      "egg_white_cooked"   = 5000,
      "sweet_potato_cooked"= 5000,
      "carrot"             = 10000,
      "celery"             = 5000,
      "lettuce_romaine"    = 5000
    ),
  gum36_veg37_invert27 = list(
      "biscuit"            = 0,
      "invertebrates"      = 18000,
      "gum_arabic"         = 24000,
      "seasonal_veggies"   = 25000
    ),
  water31_root31_protein19_gum19 = list(
      "egg_whole_raw"           = 9000,
      "invertebrates"           = 9000,
      "gum_arabic"              = 18000,
      "seasonal_veggies_root"   = 30000,
      "seasonal_veggies_watery" = 30000
    )
)

nutrient_totals <- list(
  baseline                       = list(mg_fed = 52000      , mg_dry = 29000      , kcal = 90),
  biscuit_elim                   = list(mg_fed = 70000      , mg_dry = 28243      , kcal = 90),
  lessBug_moreEgg                = list(mg_fed = 53200      , mg_dry = 27982.29167, kcal = 92),
  seasonals                      = list(mg_fed = 61200      , mg_dry = 28454.5    , kcal = 90),
  oatgel                         = list(mg_fed = 60342.85714, mg_dry = 29904.58333, kcal = 90),
  low_lectin                     = list(mg_fed = 65000      , mg_dry = 29799.75   , kcal = 93),
  gum36_veg37_invert27           = list(mg_fed = 67000      , mg_dry = 32127.41667, kcal = 87),
  water31_root31_protein19_gum19 = list(mg_fed = 96000      , mg_dry = 30136.91071, kcal = 88)
)
  

proteins <- list(
  totals = list(
    baseline                       = list(mg_fed = 5100      , proportion = 0.172) ,
    biscuit_elim                   = list(mg_fed = 4444      , proportion = 0.2    ),
    lessBug_moreEgg                = list(mg_fed = 5692.84375, proportion = 0.20344),
    seasonals                      = list(mg_fed = 5132.76667, proportion = 0.18039),
    oatgel                         = list(mg_fed = 4826.53571, proportion = 0.1614 ),
    low_lectin                     = list(mg_fed = 7375.20417, proportion = 0.24749),
    gum36_veg37_invert27           = list(mg_fed = 3747.0375 , proportion = 0.11663),
    water31_root31_protein19_gum19 = list(mg_fed = 3765.82986, proportion = 0.12496)
    ),
  taurine = list(
    baseline                       = list(mg_fed = 20    , proportion = 0.0006 ),
    biscuit_elim                   = list(mg_fed = 0     , proportion = 0      ),
    lessBug_moreEgg                = list(mg_fed = 17.952, proportion = 0.00064),
    seasonals                      = list(mg_fed = 17.952, proportion = 0.00063),
    oatgel                         = list(mg_fed = 17.952, proportion = 0.0006 ),
    low_lectin                     = list(mg_fed = 0     , proportion = 0      ),
    gum36_veg37_invert27           = list(mg_fed = 0     , proportion = 0      ),
    water31_root31_protein19_gum19 = list(mg_fed = 0     , proportion = 0      )
  ),
  methionine = list(
    baseline                       = list(mg_fed = 90       , proportion = 0.0031     ),
    biscuit_elim                   = list(mg_fed = 63.79    , proportion = 0.002258657),
    lessBug_moreEgg                = list(mg_fed = 130.34071, proportion = 0.00466    ),
    seasonals                      = list(mg_fed = 101.63   , proportion = 0.00357    ),
    oatgel                         = list(mg_fed = 86.58715 , proportion = 0.0029     ),
    low_lectin                     = list(mg_fed = 198.55   , proportion = 0.00666    ),
    gum36_veg37_invert27           = list(mg_fed = 50.01429 , proportion = 0.00156    ),
    water31_root31_protein19_gum19 = list(mg_fed = 70.49786 , proportion = 0.00234    )
  )
)


fats <- list(
  totals = list(
    baseline                       = list(mg_fed = 2000      , proportion = 0.054      ),
    biscuit_elim                   = list(mg_fed = 1861      , proportion = 0.065905076),
    lessBug_moreEgg                = list(mg_fed = 2655.69415, proportion = 0.09491    ),
    seasonals                      = list(mg_fed = 1806.97933, proportion = 0.0635     ),
    oatgel                         = list(mg_fed = 1618.96429, proportion = 0.05414    ),
    low_lectin                     = list(mg_fed = 1018.84933, proportion = 0.03419    ),
    gum36_veg37_invert27           = list(mg_fed = 1016.60137, proportion = 0.03164    ),
    water31_root31_protein19_gum19 = list(mg_fed = 1655.85244, proportion = 0.05494    )
  ),
  omega3 = list(
    baseline                       = list(mg_fed = 635   , mg_g = 2.2    ),
    biscuit_elim                   = list(mg_fed = 1513  , mg_g = 0.0054 ),
    lessBug_moreEgg                = list(mg_fed = 634.49, mg_g = 2.2675 ),
    seasonals                      = list(mg_fed = 634.49, mg_g = 2.22984),
    oatgel                         = list(mg_fed = 634.49, mg_g = 2.12231),
    low_lectin                     = list(mg_fed = 634.49, mg_g = 0.00508),
    gum36_veg37_invert27           = list(mg_fed = 634.49, mg_g = 0.00665),
    water31_root31_protein19_gum19 = list(mg_fed = 634.49, mg_g = 0.00532)
  ),
  omega6 = list(
    baseline                       = list(mg_fed = 3370  , mg_g = 11.5    ),
    biscuit_elim                   = list(mg_fed = 5440  , mg_g = 0.0193  ),
    lessBug_moreEgg                = list(mg_fed = 3369.2, mg_g = 12.0405 ),
    seasonals                      = list(mg_fed = 3369.2, mg_g = 11.84066),
    oatgel                         = list(mg_fed = 3369.2, mg_g = 11.26864),
    low_lectin                     = list(mg_fed = 3369.2, mg_g = 0.01826 ),
    gum36_veg37_invert27           = list(mg_fed = 3369.2, mg_g = 0.02390 ),
    water31_root31_protein19_gum19 = list(mg_fed = 3369.2, mg_g = 0.01911 )
  )
)


CHOs <- list(
  totals = list(
    baseline                       = list(mg_fed = 2000      , proportion = 0.054),
    biscuit_elim                   = list(mg_fed = 3306      , proportion = 0.117051162),
    lessBug_moreEgg                = list(mg_fed = 991.69565 , proportion = 0.03544),
    seasonals                      = list(mg_fed = 2642.5    , proportion = 0.09287),
    oatgel                         = list(mg_fed = 2005.1413 , proportion = 0.06705),
    low_lectin                     = list(mg_fed = 2485.5    , proportion = 0.08341),
    gum36_veg37_invert27           = list(mg_fed = 2059.23913, proportion = 0.06410),
    water31_root31_protein19_gum19 = list(mg_fed = 5548.42500, proportion = 0.18411)
  ),