"","W1","W2","W4","W6","W7","W9","W10","W33","W42","W43","W52","W54","W57","W60","W63","W68","W73","W83","W84","W85","W87","W93","W94","W95","W96","W97","W100","W101","W104","W107","W108","W109","W111","W112","W114","W120","W121","W122","W123","W126","W127","W139","W140","W144","W150","W152","W153","W154","W164","W170","W181","W185","W187","W188","W189","W197","W221","W227","W228","W247","W251","W262","W265","W269","W280","W282","W318"
"W1",0,0.155366027771192,0.125708431274926,0.169572580211366,0.118734107256566,0.117584806748614,0.143077018578945,0.149478595531653,0.149473657322165,0.135830293716413,0.156652907467167,0.084989818117765,0.186228400000993,0.124558375334972,0.113550613719461,0.200027258334046,0.12916499031424,0.128559795479365,0.141823271162652,0.157795132210788,0.16174449898349,0.226339202535846,0.157512586424288,0.195775436026206,0.119160563887924,0.155704515969113,0.149114887678576,0.123771036565056,0.116652231174555,0.237105701850762,0.154345886994721,0.142502885262554,0.125995859599121,0.160894593909546,0.152317121024769,0.206899599834221,0.197691507198388,0.110817499670843,0.224069080994645,0.29410018385957,0.308852045368752,0.155424326740342,0.165906075672145,0.123318275096397,0.109744904589272,0.163423214818692,0.256961272955764,0.170384544974873,0.115051161643471,0.301555127524941,0.184612687613466,0.158107450321975,0.213563832880918,0.222216169162076,0.161812314268556,0.103683917572802,0.143397858638658,0.127859718686091,0.106991354409999,0.373413651332468,0.354266329814857,0.10226829652682,0.227751454649924,0.155180952311285,0.122176017263319,0.15931336038319,0.180857143261495
"W2",0.155366027771192,0,0.165002760311728,0.218565396987602,0.148645002327509,0.162416802050695,0.159341383405095,0.209778983768285,0.213484180274858,0.164482328973157,0.21132186325332,0.171854336604082,0.203881149416019,0.162742252298096,0.191055108770382,0.250216998147733,0.189709033777357,0.189990501340299,0.215359369886135,0.122068465563046,0.15107604025092,0.173496527475847,0.104081291217725,0.209377815932813,0.155255779008584,0.168764578255558,0.14099081517819,0.198940437148791,0.168853960642498,0.283113833561634,0.216042925293991,0.216233225569549,0.192691736626486,0.22290341024555,0.226557891241817,0.260582084823834,0.162562897115609,0.197523740899997,0.272930217431701,0.287605360257551,0.25788716037199,0.164107516236263,0.146272155270885,0.167736119442062,0.182548122805897,0.178792162725851,0.246177499813043,0.14533783528556,0.168918118993981,0.303455069857842,0.188561583917565,0.172677849745783,0.199952542781809,0.203533218582221,0.160555545031395,0.116307386431907,0.190618036268514,0.131169512938835,0.147965511129074,0.339562650209219,0.308222124841766,0.157230097152203,0.188927811040984,0.204936716916855,0.133659572510477,0.14721219412082,0.136445593004546
"W4",0.125708431274926,0.165002760311728,0,0.210172185631325,0.127913335793773,0.141926415010947,0.155102448051491,0.16406322498281,0.160948805225904,0.17284071465804,0.191656459396658,0.144747935240468,0.208773552215879,0.138614652284915,0.170604014623234,0.185917078452684,0.152809540825681,0.135309004703768,0.16136287381538,0.180072562619756,0.204983898139011,0.229016545354907,0.1732906972543,0.231147523613149,0.152920962985757,0.160820899848889,0.176510940182505,0.166003151738241,0.148758169969546,0.225339592666998,0.175191218946658,0.148956754922601,0.157201165494203,0.149451327733899,0.181721307620346,0.21221129327542,0.227310654526973,0.149191057088205,0.221103571446346,0.300837702088123,0.301823685717374,0.183529685213171,0.194421748133246,0.179671063867411,0.143544127046108,0.153552825372647,0.231083664797615,0.175496286672917,0.130073367039282,0.292463211887761,0.192349672850238,0.155369009072043,0.22570009093824,0.212190130816899,0.203481809399871,0.132450655023388,0.160255801151728,0.140480374501627,0.179177705893588,0.362109813652273,0.385004831514927,0.13612505353576,0.266797452116193,0.194060914184132,0.171605043133461,0.174763909346655,0.225975142105458
"W6",0.169572580211366,0.218565396987602,0.210172185631325,0,0.191555951697225,0.195113686374487,0.215235695388039,0.172639534356833,0.203304043379103,0.148383133520539,0.16493693305338,0.115023671967158,0.145274899208654,0.192921612131512,0.163095282158564,0.242089288275433,0.148009827895197,0.175933537953045,0.177978115222473,0.193750310962832,0.174592050467636,0.283930842798241,0.21140329877578,0.154775567967631,0.185099867916366,0.210984641607111,0.188558546599448,0.161094004292276,0.184628965959041,0.248859721435641,0.146020305620417,0.200371327854972,0.147789583520693,0.198728040749153,0.215164152444287,0.181983993579244,0.247256019578168,0.150377014619009,0.246770097131023,0.312681774474421,0.320852596806859,0.159497232019212,0.225780338692433,0.183560722104419,0.189740058210429,0.22723022291268,0.305643418429613,0.203409845304142,0.183145591335826,0.359472557746541,0.245510615933258,0.22443351291311,0.283703332893184,0.280706287702189,0.219922008798899,0.204598678787633,0.166026952030311,0.206750345184975,0.195344654777031,0.400134685567035,0.366000176379397,0.200449972685641,0.279948355087299,0.153258204499727,0.197066856341559,0.241400859345705,0.220970608691502
"W7",0.118734107256566,0.148645002327509,0.127913335793773,0.191555951697225,0,0.0794816527240329,0.0989543141886972,0.169776338874728,0.208103032575224,0.164872219528868,0.197178426965102,0.137708416680181,0.184617155181072,0.17736482287806,0.155307111831423,0.235575729817392,0.148497399777812,0.177022831079121,0.186196127591968,0.148477032986627,0.153581957986691,0.200981496877907,0.144916536928996,0.178107505122936,0.11677025900421,0.16578572873732,0.140878285689326,0.147651835697543,0.162797117508098,0.262284373548355,0.162150375821708,0.189038188873759,0.178907907106919,0.211534673718604,0.205131623139829,0.245607444930047,0.2449923482733,0.121201109567483,0.27306825993663,0.307294582020774,0.315374307834817,0.180750853528038,0.147400996332678,0.126607005966019,0.109457966902851,0.15921439267252,0.225017391300425,0.186587659956102,0.140343752955212,0.294529866877017,0.140355021630368,0.109646088157893,0.199836907364622,0.241773316433309,0.154284382512619,0.137960996159903,0.169745228849865,0.127038849205561,0.144308430558607,0.373491963721251,0.370139961580311,0.151204852817746,0.2560803455194,0.152773509169179,0.14188279338663,0.167927441203053,0.171601727421931
"W9",0.117584806748614,0.162416802050695,0.141926415010947,0.195113686374487,0.0794816527240329,0,0.0961088949860733,0.166436364748387,0.192746592433693,0.161469079728105,0.17733125717834,0.137478979594967,0.172264967928175,0.151561297779365,0.117895453181407,0.208789211577523,0.136293698003662,0.185172417828366,0.157322085365317,0.133438541161728,0.132407385727379,0.193979126392706,0.131017323839209,0.157471927242975,0.0970456790025422,0.167448028843195,0.125885029529977,0.13191955171483,0.134441309338649,0.250559282491955,0.150747050463009,0.155991227041389,0.180236679411288,0.189419602558718,0.188207947617928,0.229482215166991,0.236758601983606,0.0964604892346279,0.257934559974442,0.314818340969348,0.321123375306434,0.166703662019702,0.108947874464386,0.08381996008313,0.0908532541055321,0.141584343668755,0.20246926671494,0.161431425456017,0.13617680654054,0.294929569485224,0.124203817940572,0.0937331231616275,0.175572333322995,0.258146855541217,0.141865150286335,0.115027580223002,0.158683015053867,0.141788801502392,0.130227009115941,0.382430858087423,0.378408642030386,0.120541317883697,0.259925644519636,0.140475499130984,0.140917802293982,0.16297042271318,0.156684476838573
"W10",0.143077018578945,0.159341383405095,0.155102448051491,0.215235695388039,0.0989543141886972,0.0961088949860733,0,0.200656536447638,0.235426036295854,0.185362885176674,0.227570299218258,0.172438811652808,0.204009615908692,0.183771539326704,0.171594582064735,0.258434142562487,0.180746757689167,0.214511798726716,0.210449774223465,0.155491157679309,0.163933118873873,0.175933181958849,0.152028318795315,0.177424269737051,0.135419668418677,0.191542410071264,0.153202960639505,0.176570837690085,0.16547547507393,0.300643110208353,0.202778561541777,0.207684021191622,0.207175480436598,0.233117674440544,0.227422591218162,0.269601243274418,0.234826857756671,0.155536903937742,0.300958636972739,0.306491049578258,0.311641224929313,0.16635885318138,0.111885180195543,0.0987615851139013,0.116547703418473,0.116794033970216,0.175282119630428,0.183047934874616,0.17858771805956,0.266729620356539,0.110170175117459,0.0687887805005782,0.156571165503373,0.24943442531309,0.130840618169238,0.135320061315305,0.206855393703854,0.129880577491426,0.139371394810787,0.367351055112049,0.372564516213906,0.141483285281831,0.257746728361083,0.175324587616961,0.146851082352894,0.130795649829103,0.163727117382769
"W33",0.149478595531653,0.209778983768285,0.16406322498281,0.172639534356833,0.169776338874728,0.166436364748387,0.200656536447638,0,0.118193817981662,0.156062685501,0.144403228680766,0.119729026701485,0.199589919289537,0.162369051501101,0.128039056335642,0.161763045655825,0.116448848297739,0.110879332533727,0.124547516858862,0.186501466962661,0.182207515421827,0.286037120443325,0.20487946928812,0.194231583265196,0.16498629947944,0.194122345201646,0.194061696244724,0.116825512148198,0.183603499371572,0.186313350207293,0.126737218793305,0.112103166769182,0.124928959274212,0.121874458268715,0.117957658108002,0.148404184993923,0.259263522033552,0.132281735559825,0.174704605357162,0.314267246935204,0.33881660396229,0.191712370926603,0.222671247521251,0.1836122656887,0.152286136229772,0.210625077956545,0.289143773067821,0.197857661206037,0.147958133137589,0.334181722673408,0.235919491986028,0.201283587098184,0.284387277448724,0.295341720449765,0.212588128297101,0.184123565210979,0.145774099443892,0.19499477214618,0.196531006194827,0.394425740072713,0.385658514875682,0.181186371925331,0.279784606896763,0.145624111074357,0.203643901440062,0.250555197553572,0.223572208175261
"W42",0.149473657322165,0.213484180274858,0.160948805225904,0.203304043379103,0.208103032575224,0.192746592433693,0.235426036295854,0.118193817981662,0,0.140137082617295,0.129516309982225,0.145362417392767,0.176463704944398,0.153458633743414,0.132207860523812,0.117739382424347,0.144850829928482,0.082681403300509,0.122794605426439,0.176936953678147,0.209365653273683,0.298375178734917,0.198902153352934,0.212376124250203,0.167829502056879,0.185281225146499,0.191178241620217,0.132127216223425,0.147718551763549,0.156312135181892,0.147149465797144,0.0963306077896479,0.144539690258596,0.0784118234033716,0.0943347297961944,0.132830166000997,0.233004800974113,0.151215218801804,0.131398058942118,0.306862368433931,0.331433727305198,0.204818701076095,0.246754677842627,0.201346052863054,0.173689196444996,0.203693269925907,0.296388487257793,0.162992477828838,0.147678801694489,0.343283991077352,0.255980815632757,0.228379311932158,0.280023427245718,0.262282576601266,0.257991743971404,0.180144367302408,0.138461470159025,0.221521804997439,0.193086879862883,0.411271873503123,0.392662084608872,0.13542728960619,0.280915537487428,0.189909463351978,0.193941815125697,0.243151270040659,0.2441688636535
"W43",0.135830293716413,0.164482328973157,0.17284071465804,0.148383133520539,0.164872219528868,0.161469079728105,0.185362885176674,0.156062685501,0.140137082617295,0,0.164215581711692,0.106524082383408,0.103001942939057,0.159918016980332,0.117909507683973,0.20635895132534,0.134071724216853,0.149424483162389,0.169794263949045,0.131891471096936,0.144677081263809,0.238349736946957,0.13875920291126,0.161257996793682,0.124844470776549,0.150427647225247,0.13077037321642,0.139751593850889,0.122498405778679,0.23721175519911,0.149875830113103,0.17843706855284,0.145009898336172,0.158344963487989,0.199151359132886,0.21212362210424,0.199813545285456,0.136319285240355,0.224633992380588,0.29339491749899,0.292697656064069,0.127882024445204,0.188275413052179,0.15680137263536,0.156376250266804,0.194963986771576,0.264113450862648,0.136607743651888,0.149223422964061,0.348300388161446,0.223984098642838,0.196987469003458,0.260499450030332,0.238490164474597,0.185511868620808,0.127222334386959,0.165484597367026,0.166336810375274,0.16419607088178,0.35773628830364,0.344118575755811,0.144355799138167,0.237022399871086,0.1575371365296,0.155571756464044,0.186752286585636,0.185692235705929
"W52",0.156652907467167,0.21132186325332,0.191656459396658,0.16493693305338,0.197178426965102,0.17733125717834,0.227570299218258,0.144403228680766,0.129516309982225,0.164215581711692,0,0.12300252374317,0.161004134057373,0.140364995420451,0.114422755741818,0.148309963385294,0.0990320391094467,0.133076308636597,0.0805910618295654,0.201406466332922,0.168826484923814,0.302164835130833,0.208330280899569,0.162395638478983,0.17484466413489,0.19384219839855,0.194401081504851,0.115123413919302,0.145884263881625,0.165335329082065,0.0811373610846233,0.0993715605873391,0.134032570380894,0.123129813777293,0.113454169653962,0.105907305755313,0.24466595421922,0.121261473928137,0.155532218168714,0.313133046601888,0.326537823521541,0.202887875040336,0.231104596338918,0.170217238654036,0.174121548186971,0.232240145336558,0.319628503752985,0.207519134891439,0.147077865808764,0.324741592547546,0.238386060215977,0.210524232804915,0.251390572334444,0.280811925912844,0.244427519658672,0.204388601611522,0.0725798625874431,0.224555749575918,0.192496371282095,0.417005585544278,0.38569768247898,0.159300448228431,0.288904332559465,0.135496334032846,0.187929064365899,0.254206753083541,0.22653205589269
"W54",0.084989818117765,0.171854336604082,0.144747935240468,0.115023671967158,0.137708416680181,0.137478979594967,0.172438811652808,0.119729026701485,0.145362417392767,0.106524082383408,0.12300252374317,0,0.156457995730339,0.136167174102014,0.0965134310230027,0.189777140879645,0.0964206204009295,0.113358979804422,0.129892946270412,0.159179730761776,0.142146474470161,0.2497557520886,0.165321041227806,0.161965082899326,0.12402470805493,0.15777338985445,0.150849107478318,0.0978334342557339,0.124317960772825,0.227307855386315,0.116265228120895,0.134791857914525,0.104122732439028,0.15055288823492,0.142426808653884,0.182071986578407,0.211815488629528,0.092082219596166,0.214597638392015,0.296597815734812,0.311242122248129,0.140405637270233,0.189358844520082,0.134161216575067,0.126215454079446,0.19013175284029,0.277831195498791,0.167767124761497,0.118977372545595,0.323577712877438,0.204824506717005,0.182111852945539,0.242713739245021,0.246282248243735,0.181819842506498,0.139861694053243,0.117854325020837,0.152782373352803,0.135922000075701,0.377529328851861,0.356422686316539,0.138037841062278,0.234629855298886,0.124522767612871,0.141857762474222,0.196087198086774,0.18194098542694
"W57",0.186228400000993,0.203881149416019,0.208773552215879,0.145274899208654,0.184617155181072,0.172264967928175,0.204009615908692,0.199589919289537,0.176463704944398,0.103001942939057,0.161004134057373,0.156457995730339,0,0.206130922717644,0.128838661214174,0.221166347726098,0.142670030892793,0.186271755110973,0.175727605703133,0.154925512353319,0.133400892148755,0.247417104150371,0.152194958432073,0.137531146999613,0.130340332375114,0.162375263107261,0.124481824075716,0.148938115082932,0.139124408614406,0.217838103174091,0.142616323566236,0.203498056216291,0.18233282336021,0.171981272229275,0.226563849455758,0.174330313837023,0.239025472535075,0.154883549013168,0.228960017472249,0.293826060996872,0.303747378816763,0.156972082792986,0.204359534840791,0.163476191241053,0.175460207830225,0.226315341796809,0.26716048680392,0.165679227306797,0.181359161174795,0.365623141146354,0.225627884866656,0.20002979588714,0.261224195083365,0.278664278456074,0.200966384583361,0.175450635173793,0.165297748949487,0.20556108802357,0.203990788475691,0.372677254971483,0.363550290617947,0.173290015643064,0.275129516340175,0.136207663170017,0.180292539151136,0.215526182721552,0.191847200377309
"W60",0.124558375334972,0.162742252298096,0.138614652284915,0.192921612131512,0.17736482287806,0.151561297779365,0.183771539326704,0.162369051501101,0.153458633743414,0.159918016980332,0.140364995420451,0.136167174102014,0.206130922717644,0,0.131984767074747,0.151757964365942,0.158498385418384,0.145818528111566,0.14333295968702,0.163293912218336,0.172684751403128,0.247034340948739,0.184195487494676,0.220910775228666,0.158076220328258,0.189080850411365,0.179162435839502,0.139215927470404,0.160792763475154,0.226491798392763,0.172284016501631,0.126576212619689,0.128946676520494,0.152056677013695,0.136713526002491,0.166964632856319,0.194608484111342,0.15537751120143,0.195539320330719,0.312003195955237,0.294984811715969,0.192350151120712,0.183941542132622,0.17098582754301,0.142863139128835,0.194538935613722,0.280207713631551,0.177339012729822,0.13202282373258,0.306135191763274,0.217546141045819,0.176419367295688,0.220094591838749,0.218959438688048,0.209985922430244,0.148937104571448,0.140561464234089,0.175248948314117,0.17141205151602,0.39131173627511,0.361849821900705,0.142414821973381,0.252264061079356,0.189337696125943,0.167385118144143,0.202406259400343,0.206626785123315
"W63",0.113550613719461,0.191055108770382,0.170604014623234,0.163095282158564,0.155307111831423,0.117895453181407,0.171594582064735,0.128039056335642,0.132207860523812,0.117909507683973,0.114422755741818,0.0965134310230027,0.128838661214174,0.131984767074747,0,0.165445876133343,0.0991362489180369,0.141619316125715,0.114210901283056,0.133317442732437,0.115388281497522,0.223450984353235,0.145439364467945,0.144751735184048,0.0998209281639551,0.159048245381898,0.122068920494477,0.0708422135100249,0.119267664487248,0.221216956050574,0.109448874649426,0.119726085298826,0.1443649948124,0.126746657363418,0.141477644379508,0.164668654956264,0.228376537447166,0.0887979514443465,0.194801238252529,0.307094029304336,0.329689535509015,0.166933382759019,0.171347555039036,0.119195645782225,0.106726291835053,0.202148895642859,0.266795101185807,0.164188014249621,0.128636870134277,0.336677381156208,0.193474455444763,0.157273096373034,0.242057056717744,0.273949375974346,0.170018725531131,0.148959807455257,0.125931594146537,0.17940501049607,0.160093983515615,0.3941489717111,0.372302323567403,0.140108012765429,0.265556539520284,0.11644593596524,0.165721068840009,0.214941363148839,0.168516339761505
"W68",0.200027258334046,0.250216998147733,0.185917078452684,0.242089288275433,0.235575729817392,0.208789211577523,0.258434142562487,0.161763045655825,0.117739382424347,0.20635895132534,0.148309963385294,0.189777140879645,0.221166347726098,0.151757964365942,0.165445876133343,0,0.169224898307873,0.146434024987899,0.135301944664514,0.224326859314656,0.229978619905723,0.317163384737769,0.233359614930687,0.23217985622298,0.203130561596563,0.22772598965102,0.233847504564644,0.171602012162946,0.174210670667966,0.148496727280369,0.165099650848743,0.0996221791109491,0.193159446375876,0.0983974259187078,0.121791859656908,0.149064795330064,0.259532233670564,0.173532210474192,0.118236539864202,0.342468961116079,0.340429685718646,0.237929664839898,0.270313525685648,0.231083999988173,0.201117020606611,0.242787288797852,0.315521825711836,0.215496761021502,0.184482988460083,0.318060321798132,0.275911032329866,0.243416631607361,0.302802190112783,0.300292998941694,0.278278257703015,0.213978594708746,0.160256976228532,0.264558442083201,0.243926693202088,0.418801196412689,0.395802479066448,0.186035898978961,0.31106052447016,0.221457641210208,0.235200438441599,0.278022352976265,0.273883795729229
"W73",0.12916499031424,0.189709033777357,0.152809540825681,0.148009827895197,0.148497399777812,0.136293698003662,0.180746757689167,0.116448848297739,0.144850829928482,0.134071724216853,0.0990320391094467,0.0964206204009295,0.142670030892793,0.158498385418384,0.0991362489180369,0.169224898307873,0,0.139472657400776,0.0953600246928869,0.169941046240469,0.142050093035499,0.261583546974644,0.172273785818847,0.128043667793253,0.125946417966661,0.161183014125526,0.145602832876405,0.103305144194859,0.120588536774017,0.185389760041826,0.059419346986852,0.104793265009905,0.125835763393279,0.124402663478209,0.151242892688514,0.151439162682528,0.231239248789252,0.082608308875299,0.193630989113715,0.290982353556074,0.323755994033424,0.172328020181935,0.18763706731768,0.142723966815462,0.142217846717796,0.203632409714939,0.282128512663065,0.17709588972504,0.111986553910771,0.325944124748179,0.208678682460095,0.169712942131137,0.246597222909337,0.275425917948213,0.194044215603053,0.162441695449731,0.0864958433488376,0.181662049786028,0.172399679196638,0.397939488843765,0.384526356976169,0.145087125906496,0.268319659557318,0.118960082644012,0.149590061626027,0.21734728352388,0.193649095916879
"W83",0.128559795479365,0.189990501340299,0.135309004703768,0.175933537953045,0.177022831079121,0.185172417828366,0.214511798726716,0.110879332533727,0.082681403300509,0.149424483162389,0.133076308636597,0.113358979804422,0.186271755110973,0.145818528111566,0.141619316125715,0.146434024987899,0.139472657400776,0,0.134290642495243,0.182356919344265,0.207076046421012,0.279409333462679,0.19955454333528,0.209912244898054,0.167340527170255,0.174702622097994,0.190320509105533,0.131214055936694,0.15193461368199,0.171362845067953,0.138920310394668,0.114086436208983,0.11653068389582,0.0955900580046797,0.09705939478721,0.147915566032832,0.216328525668465,0.134658284118955,0.160085841470129,0.313727220785136,0.328849089396645,0.185063474708843,0.245768514061837,0.194469253822511,0.16257914506162,0.196999423290028,0.294863334645341,0.188312185001659,0.136871814700983,0.333350948173329,0.253216079247296,0.21865280053526,0.274305886602329,0.249579899207558,0.232569564671662,0.168515872956156,0.135033438867766,0.200547676064146,0.188578483631762,0.395922366623008,0.375834414552993,0.141549295947274,0.261721786445492,0.165260051490142,0.182369230895358,0.216770580737476,0.244741319209744
"W84",0.141823271162652,0.215359369886135,0.16136287381538,0.177978115222473,0.186196127591968,0.157322085365317,0.210449774223465,0.124547516858862,0.122794605426439,0.169794263949045,0.0805910618295654,0.129892946270412,0.175727605703133,0.14333295968702,0.114210901283056,0.135301944664514,0.0953600246928869,0.134290642495243,0,0.205883157311666,0.178481186938482,0.28282229182986,0.210452493381965,0.174749978537222,0.165617593141703,0.19524404927366,0.196555664174224,0.119044666025525,0.128248138940434,0.138397528573773,0.0922588621273519,0.0547889399449472,0.135394708437779,0.095432283426287,0.120413118962918,0.0985227470417651,0.241425415813261,0.100429737780105,0.142921931025935,0.298603710643897,0.336905382537635,0.208691670874272,0.21465364308365,0.174931079026252,0.162258293921979,0.225996724971345,0.300027812653062,0.21455330467081,0.130061484687498,0.324040881986978,0.229570669803211,0.194194126330411,0.24637385227692,0.278699041766217,0.232997502199191,0.185492833144464,0.104658398952457,0.207554509908679,0.188132401643805,0.417091247725598,0.398162062048196,0.149833777493722,0.282449297652496,0.142565143130543,0.177048150294773,0.24234824951402,0.236447654253571
"W85",0.157795132210788,0.122068465563046,0.180072562619756,0.193750310962832,0.148477032986627,0.133438541161728,0.155491157679309,0.186501466962661,0.176936953678147,0.131891471096936,0.201406466332922,0.159179730761776,0.154925512353319,0.163293912218336,0.133317442732437,0.224326859314656,0.169941046240469,0.182356919344265,0.205883157311666,0,0.117644737877495,0.161796711888419,0.0834430785113305,0.169813804747481,0.107724362981648,0.151089171458081,0.101856711702324,0.146403763231086,0.159626168278015,0.275329485466434,0.187331096728264,0.202636828470146,0.17649512703545,0.189935431779822,0.21157253949859,0.241254022991177,0.180829062009182,0.153313170909433,0.2541405568136,0.297966665021165,0.275945065751385,0.156622018192683,0.127751914032911,0.125970237585954,0.138325734308119,0.168421871228175,0.23276494557383,0.107739810909747,0.135815494331942,0.327416860959219,0.16958178570485,0.142244243853572,0.222738403045182,0.24189661640517,0.161025786588407,0.119418124028175,0.189820691633202,0.153724544234671,0.150891272601419,0.361575621722649,0.33700075675758,0.138822825578261,0.218040563797073,0.17538320740286,0.151580751616704,0.17074268477002,0.13028159562989
"W87",0.16174449898349,0.15107604025092,0.204983898139011,0.174592050467636,0.153581957986691,0.132407385727379,0.163933118873873,0.182207515421827,0.209365653273683,0.144677081263809,0.168826484923814,0.142146474470161,0.133400892148755,0.172684751403128,0.115388281497522,0.229978619905723,0.142050093035499,0.207076046421012,0.178481186938482,0.117644737877495,0,0.18977533305881,0.101766011163349,0.130602992902535,0.115143034131932,0.15106938388385,0.0934579840535693,0.11765637005533,0.145903444963894,0.266651286019092,0.155684133604803,0.18161015467192,0.177001664575319,0.209903723209993,0.215641528023219,0.220935001749422,0.22362144684591,0.137666877646194,0.259911348473956,0.299255865980662,0.303841394983938,0.156711385185083,0.13305347083511,0.111109782986537,0.122748665787065,0.205885655312397,0.256192905587324,0.159560707662983,0.145922331145779,0.329755800046598,0.184584676595359,0.144485197756957,0.218430864848809,0.266552821192093,0.125513020219828,0.134497068023512,0.158002282868205,0.156929810824842,0.145122869661278,0.36515512672902,0.352524276396132,0.163959272969394,0.231726585938636,0.136637414103664,0.12698650715588,0.182178750983505,0.105455867013418
"W93",0.226339202535846,0.173496527475847,0.229016545354907,0.283930842798241,0.200981496877907,0.193979126392706,0.175933181958849,0.286037120443325,0.298375178734917,0.238349736946957,0.302164835130833,0.2497557520886,0.247417104150371,0.247034340948739,0.223450984353235,0.317163384737769,0.261583546974644,0.279409333462679,0.28282229182986,0.161796711888419,0.18977533305881,0,0.149912554456165,0.242576919235673,0.177717754746394,0.196194048135469,0.16809303016023,0.234660027202164,0.219000013144671,0.352686301573932,0.279348086482758,0.286194953303935,0.270753363090557,0.295600487651846,0.306829494108572,0.343348867220914,0.184120782949249,0.227499655458728,0.347590506172219,0.294705119667776,0.2345149853446,0.207464090820318,0.134797393698141,0.180993869988397,0.221250325009659,0.213472004713219,0.178995070249916,0.193330777128736,0.224759920338558,0.281018043134974,0.165495999497105,0.162007605815706,0.161247924057787,0.233174315027079,0.164898033803647,0.1812207163171,0.281159148294835,0.194044726039188,0.189659227518875,0.316978606638323,0.300769496632368,0.208098642038533,0.17301010727935,0.249918758581381,0.192413695320483,0.13697376044704,0.155855046594887
"W94",0.157512586424288,0.104081291217725,0.1732906972543,0.21140329877578,0.144916536928996,0.131017323839209,0.152028318795315,0.20487946928812,0.198902153352934,0.13875920291126,0.208330280899569,0.165321041227806,0.152194958432073,0.184195487494676,0.145439364467945,0.233359614930687,0.172273785818847,0.19955454333528,0.210452493381965,0.0834430785113305,0.101766011163349,0.149912554456165,0,0.17465548368942,0.100944328300986,0.135331278553795,0.0843242052679394,0.142745822320305,0.146729931193581,0.269271834540841,0.198623301548405,0.21173102014687,0.18908695441771,0.209414078153248,0.228482065316616,0.265179983019976,0.190395596086261,0.165182158303863,0.260219294976225,0.29051465328427,0.270030661179957,0.147736770606961,0.124001657987325,0.1157935586468,0.15302412031912,0.175703617365101,0.227744211804403,0.114984685793545,0.155315790034968,0.318423649464662,0.161348655496786,0.147764823446984,0.211586401045561,0.221778547071833,0.139659561881093,0.100690644063239,0.181592053218351,0.136321514166209,0.139832417074715,0.334383614761112,0.332682910256516,0.140537345370366,0.201356920939029,0.163031139342705,0.135495446669534,0.1464921621606,0.0968469429957071
"W95",0.195775436026206,0.209377815932813,0.231147523613149,0.154775567967631,0.178107505122936,0.157471927242975,0.177424269737051,0.194231583265196,0.212376124250203,0.161257996793682,0.162395638478983,0.161965082899326,0.137531146999613,0.220910775228666,0.144751735184048,0.23217985622298,0.128043667793253,0.209912244898054,0.174749978537222,0.169813804747481,0.130602992902535,0.242576919235673,0.17465548368942,0,0.164737486774125,0.206397313480645,0.137616361273973,0.170272242836521,0.154511464812809,0.262320266969244,0.13199587023601,0.185440969712911,0.200645201797874,0.201794534265665,0.219814492027071,0.214765965268799,0.244011860528932,0.138663215611694,0.272348961292491,0.313474743658553,0.330606553343001,0.159555855934522,0.175466651480948,0.142990068265257,0.184453720468874,0.221663158978973,0.272238632521056,0.18542204332443,0.180123048650189,0.336389125354243,0.199818547286422,0.182170080863801,0.237116366393055,0.301186279287903,0.154940640886135,0.197909724336207,0.168674575744528,0.207907327711786,0.196567035110764,0.392904562573443,0.367387631478215,0.194046094088778,0.270409929730352,0.164399756319395,0.161997021317825,0.216396321335116,0.191508396977347
"W96",0.119160563887924,0.155255779008584,0.152920962985757,0.185099867916366,0.11677025900421,0.0970456790025422,0.135419668418677,0.16498629947944,0.167829502056879,0.124844470776549,0.17484466413489,0.12402470805493,0.130340332375114,0.158076220328258,0.0998209281639551,0.203130561596563,0.125946417966661,0.167340527170255,0.165617593141703,0.107724362981648,0.115143034131932,0.177717754746394,0.100944328300986,0.164737486774125,0,0.140680547190519,0.0732431533853693,0.109071908266958,0.116949424430652,0.249924488253798,0.160503391829645,0.16716675979073,0.176343584256963,0.176534770801721,0.193786166599518,0.227739175644472,0.213705304964372,0.113491354049787,0.235642141285008,0.309346073328807,0.302742217489151,0.153632111263376,0.140117305406342,0.0958670715872,0.10000165582766,0.159928956594088,0.232372056579791,0.152341814350911,0.135949359423312,0.317522588394054,0.160855392862422,0.121144549658159,0.205000314467428,0.239440195675511,0.133808135423997,0.113488139792769,0.148202755884785,0.143690045951648,0.132561330165269,0.37223935319746,0.367678126150876,0.105478550591127,0.242296691568234,0.133399234410666,0.135772476388393,0.162354580996698,0.143565828245024
"W97",0.155704515969113,0.168764578255558,0.160820899848889,0.210984641607111,0.16578572873732,0.167448028843195,0.191542410071264,0.194122345201646,0.185281225146499,0.150427647225247,0.19384219839855,0.15777338985445,0.162375263107261,0.189080850411365,0.159048245381898,0.22772598965102,0.161183014125526,0.174702622097994,0.19524404927366,0.151089171458081,0.15106938388385,0.196194048135469,0.135331278553795,0.206397313480645,0.140680547190519,0,0.143242351898969,0.156255715385933,0.157019736918916,0.249938657085603,0.166735598617213,0.197165545194214,0.172030063021491,0.193630690810088,0.215283586449818,0.237376846603126,0.206423082458204,0.152724680630562,0.252162679949324,0.271251640421135,0.266248669063173,0.190787402937236,0.172073227680606,0.178321137832113,0.168335323319687,0.196094445099852,0.258899064165867,0.150464245299104,0.124442024297046,0.35805301512754,0.229007497417343,0.193783184303944,0.244434491574689,0.207404468628416,0.197429847924323,0.13827638294252,0.172889320910386,0.156458570200249,0.167399188221898,0.33623266789666,0.34195927080575,0.158152910409176,0.224331110687844,0.172968560781037,0.155581403909066,0.179800621233644,0.163790797355553
"W100",0.149114887678576,0.14099081517819,0.176510940182505,0.188558546599448,0.140878285689326,0.125885029529977,0.153202960639505,0.194061696244724,0.191178241620217,0.13077037321642,0.194401081504851,0.150849107478318,0.124481824075716,0.179162435839502,0.122068920494477,0.233847504564644,0.145602832876405,0.190320509105533,0.196555664174224,0.101856711702324,0.0934579840535693,0.16809303016023,0.0843242052679394,0.137616361273973,0.0732431533853693,0.143242351898969,0,0.138419212301788,0.128253358267866,0.268828414434287,0.181553078657425,0.201211415146852,0.193120776848137,0.198255931917407,0.221746784320232,0.25286588703308,0.207374156597017,0.142447288294735,0.25399763815496,0.299924284877373,0.288538958814566,0.133827964267713,0.132476632397195,0.110417572384301,0.140166321041806,0.172551394884282,0.230894431971476,0.138621526121056,0.151304992134459,0.325874936157854,0.174321780141454,0.143309472702051,0.208855905132779,0.234606660169287,0.122422325713405,0.122371040521291,0.174937206329124,0.143603012104145,0.144911338674459,0.356906419241646,0.355248679653051,0.132148970823496,0.225921139502792,0.165286491284893,0.118337025482331,0.151906294919508,0.134491709327782
"W101",0.123771036565056,0.198940437148791,0.166003151738241,0.161094004292276,0.147651835697543,0.13191955171483,0.176570837690085,0.116825512148198,0.132127216223425,0.139751593850889,0.115123413919302,0.0978334342557339,0.148938115082932,0.139215927470404,0.0708422135100249,0.171602012162946,0.103305144194859,0.131214055936694,0.119044666025525,0.146403763231086,0.11765637005533,0.234660027202164,0.142745822320305,0.170272242836521,0.109071908266958,0.156255715385933,0.138419212301788,0,0.150945987102176,0.205156534495172,0.107522271572111,0.115924646354887,0.121566730466062,0.140755068493904,0.132641043453285,0.163733656403847,0.24809078569871,0.0956881868412343,0.191779089378447,0.310789526782565,0.335174288205612,0.184609729764022,0.188626067681429,0.134420387546407,0.112897473681299,0.211995143310439,0.279553749865659,0.179138686998511,0.122274852553038,0.330858360193148,0.191670696204627,0.16575195772058,0.25782591293482,0.278093535663707,0.189199632268651,0.165666125385034,0.10757265992631,0.191055119978926,0.158655747495326,0.399054411910533,0.386133241869458,0.154880733525562,0.269497257904363,0.0973725789324121,0.164324351060436,0.218219272707513,0.160462671906316
"W104",0.116652231174555,0.168853960642498,0.148758169969546,0.184628965959041,0.162797117508098,0.134441309338649,0.16547547507393,0.183603499371572,0.147718551763549,0.122498405778679,0.145884263881625,0.124317960772825,0.139124408614406,0.160792763475154,0.119267664487248,0.174210670667966,0.120588536774017,0.15193461368199,0.128248138940434,0.159626168278015,0.145903444963894,0.219000013144671,0.146729931193581,0.154511464812809,0.116949424430652,0.157019736918916,0.128253358267866,0.150945987102176,0,0.212932133837223,0.15074046294956,0.127658720252301,0.174034682837352,0.129431311155415,0.172838240737141,0.198990518890649,0.195515906097447,0.119084351243843,0.20454321117382,0.288194646631645,0.306405760355791,0.132234730375193,0.161206525120661,0.118016875278431,0.139429775452603,0.16677340823506,0.229020292432285,0.153475388626845,0.140848969156368,0.304674434276482,0.185635469238423,0.163265601394418,0.197689117419691,0.243431260496104,0.16470816985403,0.105368640490043,0.139941238599015,0.158747095405404,0.126024961794414,0.368624173124116,0.366393526296113,0.079552023149626,0.220741263567165,0.161600785389637,0.125276793877557,0.159587523224927,0.190562123819751
"W107",0.237105701850762,0.283113833561634,0.225339592666998,0.248859721435641,0.262284373548355,0.250559282491955,0.300643110208353,0.186313350207293,0.156312135181892,0.23721175519911,0.165335329082065,0.227307855386315,0.217838103174091,0.226491798392763,0.221216956050574,0.148496727280369,0.185389760041826,0.171362845067953,0.138397528573773,0.275329485466434,0.266651286019092,0.352686301573932,0.269271834540841,0.262320266969244,0.249924488253798,0.249938657085603,0.268828414434287,0.205156534495172,0.212932133837223,0,0.163647847762263,0.14384487183349,0.198039498510763,0.12657139303215,0.151375540852926,0.112774897632124,0.300038209912663,0.201309951493319,0.101212164477601,0.337948921736627,0.364939271125562,0.276460753718362,0.3067224175986,0.280315854274942,0.260493615935978,0.287956035189586,0.343707921820144,0.263510522136689,0.215917018089103,0.3735070601516,0.315120111431719,0.28169354669406,0.334152201298786,0.318601730051093,0.333688272578226,0.252100928562752,0.184096215824256,0.297520204436988,0.280043917888152,0.442112629137952,0.423248171557714,0.227209806795204,0.341398938057945,0.212875624726324,0.267643461625645,0.311205608177487,0.314117403753651
"W108",0.154345886994721,0.216042925293991,0.175191218946658,0.146020305620417,0.162150375821708,0.150747050463009,0.202778561541777,0.126737218793305,0.147149465797144,0.149875830113103,0.0811373610846233,0.116265228120895,0.142616323566236,0.172284016501631,0.109448874649426,0.165099650848743,0.059419346986852,0.138920310394668,0.0922588621273519,0.187331096728264,0.155684133604803,0.279348086482758,0.198623301548405,0.13199587023601,0.160503391829645,0.166735598617213,0.181553078657425,0.107522271572111,0.15074046294956,0.163647847762263,0,0.110403692498984,0.124471856726086,0.121192567675769,0.146536903548413,0.124864048498599,0.247455665642539,0.089268274183813,0.188440641475079,0.306490580139133,0.336512928068366,0.195640145033466,0.210487006523038,0.173269448425388,0.167368241194284,0.225815113264013,0.300388844321707,0.194053973262906,0.123400184785347,0.346521861573502,0.228398643412628,0.193674872497966,0.270967190422413,0.297092239698554,0.227404292543236,0.191415680047277,0.0867063704382407,0.212186521604052,0.198011351314661,0.413044845079249,0.386408398356962,0.176512164215879,0.289571480909568,0.112122862597013,0.182725253422765,0.242803219212991,0.217420040808037
"W109",0.142502885262554,0.216233225569549,0.148956754922601,0.200371327854972,0.189038188873759,0.155991227041389,0.207684021191622,0.112103166769182,0.0963306077896479,0.17843706855284,0.0993715605873391,0.134791857914525,0.203498056216291,0.126576212619689,0.119726085298826,0.0996221791109491,0.104793265009905,0.114086436208983,0.0547889399449472,0.202636828470146,0.18161015467192,0.286194953303935,0.21173102014687,0.185440969712911,0.16716675979073,0.197165545194214,0.201211415146852,0.115924646354887,0.127658720252301,0.14384487183349,0.110403692498984,0,0.136461170344273,0.0790763178641668,0.0918529780867248,0.107966622805524,0.235662893830782,0.106545520817034,0.141630169743251,0.306133342760186,0.344904067580152,0.211563844045104,0.215199983239251,0.170944882504622,0.152565067340765,0.213962116690299,0.29242098048096,0.209222254347515,0.12469728944394,0.312261339228171,0.226501476218479,0.188648668519925,0.253161251820262,0.276950722591862,0.232568848269924,0.182161097571629,0.108129959763179,0.210011403430633,0.185024418342323,0.419812554814344,0.397784747045559,0.143034771141479,0.283920052643257,0.158943754546847,0.176623490423138,0.242671665575583,0.236993643117976
"W111",0.125995859599121,0.192691736626486,0.157201165494203,0.147789583520693,0.178907907106919,0.180236679411288,0.207175480436598,0.124928959274212,0.144539690258596,0.145009898336172,0.134032570380894,0.104122732439028,0.18233282336021,0.128946676520494,0.1443649948124,0.193159446375876,0.125835763393279,0.11653068389582,0.135394708437779,0.17649512703545,0.177001664575319,0.270753363090557,0.18908695441771,0.200645201797874,0.176343584256963,0.172030063021491,0.193120776848137,0.121566730466062,0.174034682837352,0.198039498510763,0.124471856726086,0.136461170344273,0,0.143104285755169,0.145246261780471,0.163134134873783,0.200791673632462,0.138286729942857,0.199407962135765,0.29007339658766,0.286685604322006,0.198659466285244,0.217107580293774,0.19204598897603,0.16660223381719,0.217716638175413,0.304671638010708,0.18938574412045,0.117896174334386,0.343403428857989,0.245426828592965,0.210423831746166,0.2722447828656,0.253622711037657,0.230973702517644,0.169274069029509,0.134811903876849,0.185177628784071,0.176532859737825,0.391396114248891,0.355332168594066,0.175549986485003,0.244786920779875,0.146854525137841,0.182262176813583,0.226847617499533,0.213973568463754
