"","hdz-095","hdz-005","hdz-004","hdz-019","hdz-025","hdz-002","hdz-023","hdz-001","hdz-050","hdz-036","hdz-067","hdz-186","hdz-183","hdz-195","hdz-161","hdz-162","hdz-170","hdz-099","hdz-101","hdz-096","hdz-106","hdz-193","hdz-259","hdz-251","hdz-323","hdz-246","hdz-247","hdz-209","hdz-207","hdz-260","hdz-205","hdz-208","hdz-194","hdz-200","hdz-239","hdz-199","hdz-307","hdz-315","hdz-306","hdz-331","hdz-303","hdz-312","hdz-313","hdz-333","hdz-332","hdz-325","hdz-242","hdz-334","hdz-302","hdz-232","hdz-309","hdz-344","hdz-409","hdz-346","hdz-210","hdz-393","hdz-340","hdz-349","hdz-406","hdz-391","hdz-316","hdz-223","hdz-217","hdz-228","hdz-403","hdz-402","hdz-387","hdz-378","hdz-379","hdz-359","hdz-355","hdz-360","hdz-380","hdz-451","hdz-453","hdz-449","hdz-448","hdz-439","hdz-432","hdz-440","hdz-443","hdz-165","hdz-214","hdz-446","hdz-447","hdz-475","hdz-441","hdz-464","hdz-164","hdz-474","hdz-415","hdz-171","hdz-159","hdz-463","hdz-158","hdz-461","hdz-466","hdz-488","hdz-483","hdz-479","hdz-487"
"hdz-095",0,0.147690392494361,0.106991531760831,0.123115940767516,0.168534307386958,0.116346090742979,0.116783766260856,0.143242732528831,0.142417289795062,0.195856062542872,0.149328097077111,0.141251768840853,0.122669913271046,0.113581679859152,0.154926375597438,0.123065186185786,0.0863326977785711,0.180136099216071,0.120545537093222,0.115178208019448,0.192745661103239,0.125146397403011,0.111270264201034,0.133130434682674,0.144385629451708,0.154611387059219,0.163376050569021,0.22734045345855,0.157439698039965,0.193072807886647,0.123461700148018,0.161758247405728,0.150855609039616,0.125352180476086,0.227158544835491,0.119854727008576,0.223405227977771,0.151963888548225,0.143779661331812,0.112367673919072,0.124246814529192,0.16227731387788,0.150575929407601,0.179510403081212,0.268452072734477,0.210088942315794,0.197560068511966,0.110140376585308,0.225745437452142,0.292658118202567,0.307317314455443,0.248201668044648,0.153890626200741,0.163844296771744,0.210220606080109,0.123233192044634,0.143309188403182,0.257638967343952,0.212629163323825,0.109298204507883,0.139282852950862,0.163237509607584,0.254755894637965,0.186416789923062,0.242112794878741,0.150759855153421,0.186369742799116,0.113264334980461,0.30153493417481,0.139750248469335,0.234395160542023,0.151379771264772,0.183883113085367,0.158308682993002,0.21094120930756,0.221164030531582,0.160078233151932,0.1534030964561,0.367411950649026,0.104793865074069,0.136607594803892,0.224414802844172,0.146785951293424,0.194902847661731,0.106771537042477,0.124450197173911,0.105532454781168,0.192894412135423,0.18993094194057,0.141158047665308,0.221717129749958,0.371862621459506,0.344155564311236,0.100405823681974,0.227984630525682,0.153664307661671,0.106313614474711,0.123642634563077,0.159062730556776,0.141758594336615,0.181667559202889
"hdz-005",0.147690392494361,0,0.181476108531079,0.163204845779445,0.217335728211462,0.145239202240654,0.159710623400877,0.152001862724451,0.180991550210131,0.254776389961715,0.208374403419604,0.219171309221246,0.162432790682319,0.132792935279266,0.213515419792032,0.148733778448579,0.170028644698545,0.208836458152249,0.164836913699226,0.189139749762822,0.254258981415621,0.188783595213387,0.157548564199178,0.198075868365698,0.21983448812394,0.117545176792182,0.150024377514607,0.169502574145634,0.0998861400290418,0.202828870845302,0.155016996942367,0.160240456053743,0.138917558609455,0.195287743772461,0.226159397920105,0.168705571063609,0.28304248402513,0.210888924419702,0.224068149433201,0.151631222588725,0.188967066506552,0.225654233614363,0.228231493406632,0.234894658290589,0.327283282532822,0.268618343383639,0.168473501538173,0.192067773181969,0.277341290307222,0.28622681096251,0.258822748262242,0.241566021135067,0.161410386448633,0.140443010301755,0.177215789677844,0.163087480249247,0.14691486545599,0.252774069256857,0.191648888372337,0.173726703813505,0.209847055375846,0.170540023744014,0.239856238235739,0.190527231607037,0.199137658730575,0.127914232829011,0.146803238889722,0.163543109169125,0.30041516346575,0.168967205708188,0.221340800263615,0.133981163985435,0.183018051372062,0.16853755820532,0.198317731315536,0.207766381223599,0.159408462246789,0.165574985905988,0.334787846078757,0.109447923693089,0.135849535825947,0.163269656080072,0.198097109257441,0.189622129680804,0.154844288460429,0.126986087950076,0.144307601291017,0.180101939049452,0.174568584258083,0.1481053399732,0.163189720694067,0.34053869843264,0.30188909118853,0.157470537620397,0.191540860352091,0.203318822955555,0.192955661037701,0.13421406781803,0.13853396710604,0.147518713165075,0.133569199933274
"hdz-004",0.106991531760831,0.181476108531079,0,0.144810561713062,0.194878499142068,0.1340729384225,0.10468709504769,0.145298394646983,0.125613773347419,0.185396886777808,0.150194904156439,0.143953860390063,0.142685497181897,0.132044811274888,0.151611328840592,0.14378456822992,0.127471610764811,0.175809649282427,0.128666817660595,0.101564360728028,0.170523161161821,0.131062197323343,0.140473965311046,0.157301889792642,0.144020237954123,0.144180901379345,0.162124957294312,0.22285402966754,0.156971230470775,0.178849888700513,0.127861038169896,0.166647285772416,0.155686211617193,0.104572433348684,0.266225673420196,0.141459816494341,0.206984320793756,0.142473644670137,0.129665816054817,0.128185151440429,0.156235006524393,0.155264231803325,0.148293986347566,0.157083621549164,0.238306015404234,0.202172712310945,0.24308800883677,0.11375660988682,0.211932433314886,0.315433678967133,0.341798692523829,0.24508078021214,0.168437294675081,0.168834398511471,0.203395938534887,0.113215764847236,0.167498633112305,0.22435426710204,0.225454669501953,0.115523401249957,0.0984770430909198,0.169778151195324,0.245518754271716,0.197181115636143,0.262919200732435,0.16661980263323,0.185217052997171,0.139508985270486,0.301022377732516,0.134742817507509,0.22218408510579,0.1851542779313,0.157245196072067,0.131059722914364,0.234110327002265,0.262469713215136,0.177306137563389,0.16251272823469,0.39384901270201,0.155907722533559,0.175153017165664,0.221753105528821,0.136936779332531,0.214707482202007,0.135573378780577,0.179268257958113,0.153091690990838,0.213841622634763,0.201244755151175,0.191823099723937,0.231409028378733,0.401114138370468,0.382382325061782,0.118705462231882,0.273685565258709,0.137484826745921,0.115040787611717,0.162543176161191,0.201537589512097,0.157113161713848,0.181075535846197
"hdz-019",0.123115940767516,0.163204845779445,0.144810561713062,0,0.209186097354473,0.12649100509916,0.13996840577364,0.154415013499277,0.17556581525296,0.202910590884045,0.164435228205746,0.174617979320765,0.181131361498437,0.176275185509977,0.18915422795875,0.167810539278795,0.149355217822743,0.222200511499942,0.137794661754264,0.174195121033859,0.180690692004113,0.153171402020425,0.123733086168886,0.142652528653467,0.162435377934951,0.178480315102007,0.206947515443041,0.228297224530008,0.16894692471334,0.227889075273863,0.153296783135781,0.163284723294764,0.177138451470741,0.165619610519604,0.247686035418685,0.150450431560669,0.228467512354606,0.170127799917616,0.1478176756782,0.177365587695588,0.156276320370146,0.156549904179485,0.17894066600552,0.19372155660655,0.266877621669874,0.21386487905957,0.228771845140903,0.143970289616106,0.221927818097928,0.300357718723665,0.301583182943055,0.24831195773339,0.186149455016488,0.193750733930963,0.222410527230292,0.180441741121325,0.159921789432731,0.25649235329613,0.221442600758501,0.143072545274946,0.143279768458196,0.149815150817126,0.231639134609815,0.187715319967076,0.241616932709674,0.167363736130851,0.212689996683422,0.128428561487574,0.289224733337164,0.138051222700214,0.244432424692204,0.175680472689948,0.193636978703525,0.154928462656781,0.22674073203569,0.215022410092582,0.206707823952862,0.178276860566998,0.380338530386257,0.13354764134401,0.173916756884468,0.21381340912176,0.160623033506488,0.263354649869234,0.158328277591125,0.141252541656645,0.18034650846723,0.209889661623825,0.189381421915157,0.159981002430334,0.25849213737225,0.365104027049802,0.379994074228844,0.135304278069456,0.268772111324707,0.193155662311749,0.136407086285186,0.174989815440761,0.172266092429313,0.180277653117912,0.22741523098485
"hdz-025",0.168534307386958,0.217335728211462,0.194878499142068,0.209186097354473,0,0.191487630870167,0.195055205692276,0.215544550393018,0.129102761782305,0.175741915085615,0.170805736148735,0.190096137213915,0.136163976270474,0.185461914247281,0.161145626731386,0.167628449054328,0.111600112208672,0.130778722827255,0.191521614721932,0.156501549418829,0.238813645302055,0.147735102326517,0.183854869493582,0.178591811863232,0.174129416968714,0.19676950198376,0.17896229603916,0.286434350001085,0.214205758507554,0.159258095768828,0.186892476178162,0.216983885183099,0.190334353689015,0.163169427895134,0.266448962688381,0.186026524602056,0.231170339028176,0.143064989254327,0.198052652746011,0.158163317209453,0.149288661737964,0.197809703625229,0.21178889100018,0.182572803929546,0.25180022526118,0.180067449501784,0.249632131909886,0.150081130756553,0.245245491163758,0.309730639405776,0.320511444098225,0.307035763279861,0.159553460061239,0.225658819387946,0.268861231984475,0.185029826690943,0.230359558375616,0.313858707980112,0.272271517316072,0.189579672757942,0.216203303721903,0.225887031863854,0.30460865730509,0.190504384420014,0.306291651793802,0.21108242208137,0.244693107657012,0.181710794244305,0.357572226330798,0.228980345334734,0.284147783317132,0.230662124865627,0.245584576943246,0.224732771616903,0.281546547613616,0.282477860331769,0.220375913022357,0.232703863901779,0.388121339329216,0.205561475125745,0.217948695263686,0.276741168605163,0.167409519458658,0.247501931899339,0.146917608119825,0.205991944794815,0.193881973600952,0.255499928603291,0.255504429990537,0.220872527504826,0.280383280418115,0.398286144953744,0.358057067906937,0.1991479070619,0.28009807978412,0.159270424131999,0.184165403257903,0.195512271207128,0.241862026540713,0.187586905515072,0.222352475338856
"hdz-002",0.116346090742979,0.145239202240654,0.1340729384225,0.12649100509916,0.191487630870167,0,0.0815158640944193,0.0996946796250149,0.14679167079032,0.235558130648485,0.168723687533451,0.196497506273292,0.15367019408487,0.15655669532992,0.19546336976612,0.139582821416928,0.134412321244165,0.176594224355278,0.173174280601177,0.157827869769844,0.226500703926977,0.140061165538394,0.129632689540372,0.175457123455674,0.184903554515224,0.147192838114229,0.15504704288544,0.202571916362804,0.14018972567154,0.176161098297118,0.11995186705113,0.17292170066937,0.142102026500534,0.146427847718925,0.257473894039741,0.161802485272437,0.247022719246178,0.156559737942714,0.183221379874631,0.117507349828153,0.176128611060299,0.210352424606498,0.202521977804629,0.210061785664121,0.29170302766997,0.245500650843529,0.244251615827238,0.121610405195054,0.272693628930411,0.306888826319995,0.314386989856263,0.227229941867371,0.180444964202333,0.147838762965621,0.173180838698447,0.125102568083172,0.13561408321254,0.215492683138951,0.220113904120282,0.109933627167363,0.128213890275339,0.159367054802211,0.225041414194581,0.222820391363371,0.197209356561034,0.116948323649362,0.163361378060524,0.137610653040916,0.293403611770586,0.155120970347166,0.205744846263922,0.1555960161214,0.138657433941687,0.108128534031972,0.198380154216152,0.241041198940879,0.153981734959134,0.128333813989763,0.383501329684385,0.137211674922513,0.147763376730709,0.183693222715518,0.170195089920804,0.206097694754478,0.102566014176121,0.127595051407819,0.141776086134351,0.198492935587528,0.179686823282405,0.161657573721497,0.219414257149041,0.373935577238862,0.361002950471356,0.148576616576482,0.255871205005189,0.147831433754677,0.149206740322336,0.143281218478349,0.166381057415855,0.120286644423113,0.173751875651835
"hdz-023",0.116783766260856,0.159710623400877,0.10468709504769,0.13996840577364,0.195055205692276,0.0815158640944193,0,0.100387342265712,0.119989676832354,0.228996646663888,0.165117190388648,0.175215414157323,0.144765259330852,0.123436896019059,0.17559991288332,0.127174140915396,0.133456754245842,0.158681190137186,0.146314229852315,0.126536047645005,0.207929918673485,0.143425886176099,0.129272129425678,0.184372214812562,0.157523893567716,0.131796170753105,0.135196491236716,0.197013885130155,0.126415196744703,0.159035149203518,0.103628221043987,0.157994090181049,0.131306983051528,0.131282066122238,0.270297350226855,0.130878770446708,0.233003019134379,0.148348655793692,0.154905104185085,0.111355238583384,0.177996007233714,0.189453261542552,0.184196052477872,0.190167028255754,0.275348483988171,0.225689834289475,0.237101616042649,0.0938012046626575,0.256396515162728,0.314039487759951,0.322214752104968,0.199778504568741,0.167406309052517,0.112068765134191,0.155803800904561,0.0864431870479262,0.126348759155678,0.204214211056217,0.201009013149461,0.0905448570499706,0.0926566167968595,0.140473424229758,0.199941219081682,0.210211994402055,0.209691905867487,0.121184206716379,0.146595539045717,0.131917439622763,0.292557015479102,0.137708772738626,0.189495114633799,0.129645093291407,0.123862611261754,0.0961108607022251,0.175674940937305,0.25802323902323,0.146438082752004,0.113898978268816,0.385722517322772,0.116724563203292,0.131896879015185,0.176238121137339,0.160265743752655,0.198902931560559,0.107248515611744,0.144138964439583,0.130152867676892,0.197828370274022,0.163557591764338,0.174294882752963,0.20648030363638,0.383216613656577,0.370492646798442,0.118022901742378,0.260575693988097,0.13540291056751,0.145672743224801,0.144284694678913,0.165141773823064,0.123649858085217,0.160150630544539
"hdz-001",0.143242732528831,0.152001862724451,0.145298394646983,0.154415013499277,0.215544550393018,0.0996946796250149,0.100387342265712,0,0.184290213047727,0.265109945143008,0.199153956715106,0.220222374594044,0.170639483521181,0.135032808182054,0.226422712382877,0.159593056339609,0.169256209210483,0.192023426783742,0.181727830755657,0.175799129973983,0.256991170788768,0.187689316887873,0.165444566941874,0.215287831313249,0.210714419165941,0.151885491731315,0.162817952466534,0.174838154618785,0.146656399662798,0.174978149584675,0.133562530348788,0.18859324156048,0.151881390329205,0.175831884256318,0.253844817003511,0.165318539235536,0.285782529293008,0.198090995465563,0.205969131840413,0.13133302676541,0.205711919633163,0.236297293419136,0.226129605954336,0.246134599433686,0.318924353084807,0.270156448354922,0.235545965525918,0.158974248145427,0.30167186374494,0.306122563086702,0.31236510536243,0.173549722739696,0.166474870107243,0.11252128608978,0.124456494603666,0.0971403242691253,0.106103039254587,0.195218852067433,0.179624331657309,0.113982732142168,0.147692310874134,0.115663223688662,0.174886805413103,0.248604350803227,0.170915169887674,0.0899037038936698,0.139756595714959,0.175715513333855,0.266903747678213,0.142219406272859,0.141745838691901,0.136962086443321,0.108980624599071,0.0676293355515956,0.153776680026704,0.250058276717466,0.129270681719042,0.087029049721372,0.376289191287046,0.135473758432684,0.0959384258397008,0.1620424297537,0.210203584910306,0.184157314251028,0.141954586767197,0.128307618278859,0.137556227328732,0.166164173879338,0.15358953762492,0.176994067553708,0.210421934013977,0.366070723727991,0.364986554644537,0.141113300889065,0.25697412409937,0.168920897801873,0.179420729355317,0.148079393735969,0.131842125554454,0.10582558469474,0.163760302776692
"hdz-050",0.142417289795062,0.180991550210131,0.125613773347419,0.17556581525296,0.129102761782305,0.14679167079032,0.119989676832354,0.184290213047727,0,0.170475393060416,0.146930444948726,0.142739645810741,0.127435364484791,0.131388171070122,0.101688821144571,0.114581686295245,0.102481284272628,0.135313702453093,0.168473860211583,0.107815643711352,0.185896909171742,0.0997222409947013,0.152950810515608,0.156403122802116,0.135274030073943,0.160925615506232,0.131102225817123,0.258664670924225,0.163807495861797,0.128177409852525,0.138384382821077,0.159911809920212,0.150913192110706,0.112800608831991,0.254126924981953,0.138853978830204,0.194153924030214,0.0853030511053126,0.143058272655111,0.119313730366108,0.148650780231054,0.163428181928634,0.160844814454694,0.112534694066104,0.240685189805833,0.183044515255037,0.248250829807202,0.096318808307353,0.222359916844349,0.317562751630936,0.336872342932111,0.265779405933171,0.165494897147707,0.184959241602351,0.234850103465187,0.133714922797965,0.208098216502213,0.267660251277407,0.241826132232654,0.145296489527724,0.143889253920156,0.1935923216907,0.274089387892241,0.18094273301677,0.278409353870854,0.184746123360377,0.204912457282861,0.138707127030945,0.324554257717688,0.183063258695382,0.251419118847791,0.189135091499238,0.195628533596866,0.176706027017758,0.24205281840082,0.281326982838817,0.193462203083913,0.194333898894385,0.392861071517334,0.165220195871329,0.194881039325673,0.240060216207183,0.0952652130956579,0.234187536638839,0.11244835381621,0.184025487717736,0.16109437506711,0.242317699888162,0.212501129548784,0.19417977319036,0.246880996179488,0.403758147002128,0.372649693171188,0.148904890318517,0.264906945155155,0.122193099154555,0.132124572399631,0.156306114303578,0.213815519485279,0.179860471318004,0.185573536757873
"hdz-036",0.195856062542872,0.254776389961715,0.185396886777808,0.202910590884045,0.175741915085615,0.235558130648485,0.228996646663888,0.265109945143008,0.170475393060416,0,0.130588783905865,0.117720205878025,0.176492461572396,0.231545569610915,0.111026218224532,0.200258143215126,0.173943487399775,0.183462787289521,0.176470472769187,0.1699426990222,0.168980067635448,0.174623915761938,0.200655530047839,0.133052488086411,0.122570796954277,0.248932758062168,0.246073245236769,0.34638413038927,0.270504437537808,0.237179491848811,0.242304917724112,0.242549662306932,0.261578339111082,0.174447802019313,0.287681487912739,0.208000179888803,0.124098682048535,0.144662361097138,0.126669157298937,0.235830507692226,0.154091192624358,0.131631707463366,0.128322617123373,0.0997688374363106,0.157371420551554,0.0822791690231072,0.276655200859458,0.190975026340649,0.145443694140077,0.318679812147092,0.344008666489684,0.340084258229847,0.231128102085098,0.291741729017425,0.32631707645484,0.240895106307627,0.282489926292906,0.342043551382986,0.324125414282143,0.218511806270911,0.195100205553425,0.259231991491145,0.345301563230955,0.17144373879987,0.35023509000396,0.279866942286145,0.318064861181358,0.201033732347949,0.352695367746719,0.224971747328559,0.335623195381895,0.285425523267308,0.284442778340739,0.261823771674734,0.311235123460968,0.304923158945524,0.281482315029023,0.273759817831578,0.406550471843861,0.242242539573811,0.25370440281805,0.337571282557363,0.140849368775483,0.315802325710713,0.216267103842801,0.256504013464627,0.24760129452469,0.298983184611284,0.279017111756628,0.263935568305136,0.330005844483409,0.420020157394731,0.390213379318893,0.209627836440998,0.33252203652009,0.186466320148171,0.165487142297436,0.24615754932117,0.29779875785051,0.262340001464173,0.278822342501375
"hdz-067",0.149328097077111,0.208374403419604,0.150194904156439,0.164435228205746,0.170805736148735,0.168723687533451,0.165117190388648,0.199153956715106,0.146930444948726,0.130588783905865,0,0.103298611886937,0.142416477558978,0.188634350120381,0.14255357920436,0.179689451673163,0.118329000057035,0.185687967978612,0.159134997564221,0.130209199311497,0.163607655400786,0.128940940330083,0.172640706718393,0.109438890438022,0.128547692831171,0.187511285474268,0.185631900233946,0.285473909391867,0.200741606483197,0.190235294888491,0.167142360646974,0.191364086608749,0.193966682091421,0.117710591279272,0.269548343671302,0.184693395343778,0.169776801206163,0.121517488016198,0.119374665025019,0.164527581598716,0.124323797627762,0.121473197092701,0.114891603734647,0.130367820013805,0.198388967775129,0.148048786175874,0.260372084029803,0.132644900932768,0.176799003589274,0.314296212128835,0.344537624356344,0.293478888609436,0.193644010008033,0.219947481280836,0.266779701113528,0.182688299482896,0.216541558261459,0.29311483045663,0.277680145775628,0.151708917350765,0.140333945078136,0.208778508128311,0.286973459746761,0.197893573599273,0.300154561317482,0.217069722987653,0.246033894604776,0.148441082832091,0.333038241097614,0.204786013799587,0.280710498180905,0.236177881144029,0.234872078111462,0.200704996516929,0.282429307712631,0.296160471070855,0.211880503260184,0.208570533298829,0.408073030561775,0.184264067861865,0.208092919725213,0.275612896140295,0.148645961936475,0.254890886699514,0.166442809975257,0.193944969464225,0.195917421499209,0.275551521692661,0.246944173275569,0.205871213197664,0.26944999840739,0.393843643106664,0.378457279300737,0.180283711390784,0.281603386156596,0.149381087030652,0.116462773991863,0.204227138175192,0.250425395601375,0.200635708636027,0.223438740782686
"hdz-186",0.141251768840853,0.219171309221246,0.143953860390063,0.174617979320765,0.190096137213915,0.196497506273292,0.175215414157323,0.220222374594044,0.142739645810741,0.117720205878025,0.103298611886937,0,0.141252456515071,0.163074242438822,0.106079584556272,0.158015619168543,0.133885935420319,0.17396486880426,0.140606153359861,0.113823645311792,0.133599850031018,0.138239121854376,0.160710293562596,0.0964265240004782,0.110278922864271,0.1899677040644,0.19902241951011,0.304840827881954,0.215622204809459,0.200438715927086,0.17792283122749,0.19816171136015,0.208543361042123,0.114157961571252,0.269013553832943,0.163544107392082,0.148448460567792,0.127958192032418,0.0883973609944205,0.17185274887133,0.13183990689475,0.0961567870625977,0.0786787622215466,0.104876797094806,0.1929830852392,0.12231410455134,0.245906356318002,0.138495303969166,0.150542680839341,0.295192379728574,0.341510470059343,0.297267632510485,0.218142619523343,0.231778580594064,0.278228826804446,0.183244888321061,0.23695930240957,0.299571324143993,0.277962175960952,0.165210846365636,0.134871924107666,0.21975045353765,0.308305063392963,0.1668547460025,0.31601647245162,0.235210553900751,0.2545427075218,0.138106841128798,0.328891380096042,0.176912569890239,0.28822672182396,0.231496012949673,0.238149862536146,0.21365917597908,0.26555296041034,0.273127285758863,0.248897443097083,0.229238437802009,0.39355560309819,0.195052286067536,0.207838507860038,0.28556872072687,0.122054949298635,0.268957879670484,0.17274666512092,0.212189703472145,0.1816593501569,0.270227119776245,0.230316338896109,0.219467186836986,0.283873118724797,0.421192577535005,0.388944314740224,0.156745958590488,0.286610366927168,0.174940058876783,0.0993560033078097,0.183144796952984,0.254237873777067,0.233084746717908,0.228328875214995
"hdz-183",0.122669913271046,0.162432790682319,0.142685497181897,0.181131361498437,0.136163976270474,0.15367019408487,0.144765259330852,0.170639483521181,0.127435364484791,0.176492461572396,0.142416477558978,0.141252456515071,0,0.126576086147928,0.142777457080877,0.130635084598855,0.0869337474968881,0.108799165743291,0.142339128357992,0.0965282930942152,0.21401937840522,0.121127771892003,0.174187013578619,0.153887638486239,0.156141972336946,0.137003443318449,0.134351154185516,0.240231582564268,0.154332819059566,0.145636870889373,0.131956430561009,0.155216280987228,0.138531300858635,0.122417503369085,0.221558784684434,0.13165567793469,0.241010333784144,0.127614829829176,0.167377248334746,0.108219680736214,0.13234811411181,0.177460562057357,0.183721798893907,0.175671536671395,0.25719281912023,0.197674034095656,0.203954455797836,0.126857976370898,0.233836531813176,0.28653693873148,0.302837493010934,0.280601286097208,0.135094901557984,0.175748882946458,0.217793436369954,0.135739605742829,0.17697860354813,0.271634219386617,0.235820497952446,0.137259027777498,0.168248112558917,0.200388495559328,0.27646535929861,0.159853908262768,0.249385259539276,0.1529550974678,0.183411082946613,0.134345441572386,0.329739827378169,0.18157211945297,0.243818175263285,0.185101594626183,0.20182691067971,0.180548905070863,0.245435552533384,0.248768010996871,0.164212955315574,0.186817802225736,0.36560535738597,0.142444585233028,0.161855592284585,0.229171741535123,0.146292598224497,0.189637540360928,0.116916869738629,0.154973414853869,0.150044776507567,0.20958687997242,0.209109860217497,0.177951757762771,0.216874972203056,0.368372541367493,0.34333466372918,0.152563343880044,0.243480630803404,0.143091684921682,0.165382504398007,0.150546045285724,0.198243259281183,0.154192893241196,0.167858804235392
"hdz-195",0.113581679859152,0.132792935279266,0.132044811274888,0.176275185509977,0.185461914247281,0.15655669532992,0.123436896019059,0.135032808182054,0.131388171070122,0.231545569610915,0.188634350120381,0.163074242438822,0.126576086147928,0,0.165185620378095,0.0854661397264405,0.130534489872753,0.164233954285647,0.147316375407165,0.124768455446251,0.225048166879215,0.150353242982161,0.144593579472187,0.186966875886778,0.178042392586589,0.132127187453008,0.126567841738187,0.192911606187073,0.130146914794952,0.147661531227429,0.122029303488675,0.165402553349797,0.117745956976112,0.144452805787304,0.225651065948056,0.112902070348799,0.259997844932063,0.165154516694055,0.180471756076729,0.0965517897603035,0.178004494856253,0.200632491451912,0.182730773900787,0.19049793778839,0.298015704622416,0.230352680196898,0.192065785275294,0.146158219582634,0.257308713645307,0.276268879946256,0.298633619665211,0.206937043312865,0.123020683595689,0.104753652728616,0.154063028963778,0.076744125712304,0.149477545912477,0.229013815978013,0.17221702717889,0.144562541462691,0.161604085710135,0.165238768159851,0.224198348198884,0.197363675265241,0.216667283712123,0.112046707144075,0.126946753980479,0.139057967080317,0.279622597331943,0.137546801093056,0.177884236442927,0.0990719432234856,0.14131218111032,0.141640523855878,0.158455136263926,0.23732252563568,0.122652951133717,0.139803558487711,0.361210795354988,0.111198185230395,0.120872085239125,0.18038434959773,0.149940948215639,0.162353266656942,0.112882149496532,0.129258109662747,0.09298638192419,0.15836938130228,0.149679386783926,0.170534316007773,0.189260986240551,0.367644245761584,0.348174264737891,0.104723591487141,0.203998938704463,0.16133647880059,0.141747863948703,0.0935843888754064,0.125007552448018,0.113035147461239,0.130072394188898
"hdz-161",0.154926375597438,0.213515419792032,0.151611328840592,0.18915422795875,0.161145626731386,0.19546336976612,0.17559991288332,0.226422712382877,0.101688821144571,0.111026218224532,0.14255357920436,0.106079584556272,0.142777457080877,0.165185620378095,0,0.129777269778347,0.124290644640438,0.145281784331936,0.139076504894139,0.1056299332928,0.155316950597784,0.109418573474975,0.153008066006238,0.127475786070417,0.0828458171351439,0.198903002783984,0.172769693673827,0.301026569774016,0.211774032909017,0.16045822694899,0.172707566348411,0.190682067853458,0.193420363035314,0.116762796424069,0.261163019527382,0.144140965706318,0.152628851163845,0.0812199571940144,0.104636332556416,0.165129900949568,0.133868791025584,0.121350285167401,0.112886392824811,0.0740781085203298,0.19518169063091,0.100690467552892,0.23979989889915,0.12217607450664,0.158282691878302,0.310708223351108,0.329578101932549,0.309181829480976,0.202440289859345,0.229025734673745,0.273454956356379,0.16957135929263,0.247723917797164,0.307496680331531,0.276035296920323,0.176330317182824,0.165795484043527,0.231378909873898,0.317553446805305,0.154892868569237,0.313774535916289,0.232525910487417,0.256557315078194,0.147575617258545,0.327901594718813,0.185859087009877,0.291909487839448,0.233684801335886,0.237558345597403,0.21134117622472,0.252539285846388,0.282254679514696,0.243941127837747,0.234992453210875,0.386064381951563,0.202914037234388,0.219935220128204,0.280564639974943,0.075941174314357,0.26921556303194,0.157008772291881,0.221695658789152,0.192350878596707,0.256529500417433,0.239559311096837,0.234502930395125,0.289168126309677,0.414980794940121,0.37831279200828,0.160094561484163,0.286772823581595,0.141639190544603,0.137888517518108,0.182916156080542,0.253248413524822,0.223641792076583,0.225136078428378
"hdz-162",0.123065186185786,0.148733778448579,0.14378456822992,0.167810539278795,0.167628449054328,0.139582821416928,0.127174140915396,0.159593056339609,0.114581686295245,0.200258143215126,0.179689451673163,0.158015619168543,0.130635084598855,0.0854661397264405,0.129777269778347,0,0.111071545732332,0.152667842803769,0.133658770013279,0.130301147152061,0.192860318252257,0.134227608383487,0.116132002637639,0.147714383214622,0.15073262875107,0.147066311539703,0.131374360646201,0.227494155720767,0.145407000828783,0.14059179315769,0.128467698369649,0.175399007897931,0.117309869472837,0.139461514223117,0.24486782476617,0.104905553541549,0.235669831064804,0.145162593377818,0.148427129371504,0.0985564358592786,0.169534595052933,0.178211418418884,0.136386898439419,0.174054798765965,0.263250846436229,0.195017338310315,0.193871660487403,0.128084043604619,0.230138089078819,0.293672132470322,0.297280569806826,0.245131700095042,0.145983027105406,0.160526627765314,0.20829564817801,0.111107235452782,0.173397562822411,0.250626762382981,0.213421524953229,0.14159016098708,0.164695561996459,0.190001656051632,0.252286379991358,0.185837929714009,0.236928746551511,0.148684631391952,0.163848451807831,0.136043005323893,0.28965381819465,0.151827579279905,0.220689173337552,0.142620512668758,0.172662734896181,0.162040650448939,0.178882514067244,0.237616398808606,0.154143326816254,0.161558375550666,0.360202842537339,0.142215222142639,0.151972520303435,0.210909596754812,0.114831014931271,0.198252965817285,0.0910300917105046,0.138835998537816,0.122040505382464,0.177414807357158,0.175390608143611,0.182596183822869,0.222565388936455,0.376392697272363,0.352318326567388,0.112123784117162,0.221697943989204,0.145798609090123,0.139978367671546,0.0987980391519007,0.17062603183062,0.131091772103469,0.164449435197432
"hdz-170",0.0863326977785711,0.170028644698545,0.127471610764811,0.149355217822743,0.111600112208672,0.134412321244165,0.133456754245842,0.169256209210483,0.102481284272628,0.173943487399775,0.118329000057035,0.133885935420319,0.0869337474968881,0.130534489872753,0.124290644640438,0.111071545732332,0,0.142105715618089,0.134592505454651,0.088584285900671,0.185956007659877,0.0982807814224082,0.129383364142944,0.118153782771931,0.138247378072705,0.153253912783105,0.143484623658447,0.247762655747771,0.163169936332859,0.155993333286756,0.122818159528953,0.158660368571564,0.14691947209599,0.0970618082755153,0.22995619102925,0.127829740006783,0.215534273091743,0.111189947464066,0.143256783700315,0.104154584781298,0.106344840207921,0.155417064070199,0.142662399705156,0.160487877425616,0.246078429127658,0.186165300387173,0.214258232930182,0.0899494142854151,0.217274194645739,0.297868387966055,0.313313143015829,0.275935039149085,0.136438089940053,0.184211522413883,0.234188593792072,0.130609950544262,0.180742981272907,0.280061613517353,0.237526880559446,0.124095724608605,0.154937542982336,0.188584769624681,0.273451503723771,0.17959035729223,0.268455635426947,0.169344167905179,0.205895840819693,0.119465587109695,0.324418432599835,0.177204790897515,0.250213417083443,0.189818655558813,0.20309739391938,0.181181677132224,0.241243236150471,0.248763230834202,0.177337190620948,0.187518392717159,0.379334022989968,0.140392890460572,0.169016331099929,0.239753815807407,0.124225949308145,0.21267455278359,0.0949858399951979,0.152013012270958,0.134405323436043,0.218064344214707,0.215301318420135,0.15488293574281,0.237157826351237,0.375698207369479,0.34707746613424,0.1388387601952,0.234872671709152,0.127001940923743,0.114213585600288,0.139726965341634,0.195685775485235,0.138720175907511,0.17961862097344
"hdz-099",0.180136099216071,0.208836458152249,0.175809649282427,0.222200511499942,0.130778722827255,0.176594224355278,0.158681190137186,0.192023426783742,0.135313702453093,0.183462787289521,0.185687967978612,0.17396486880426,0.108799165743291,0.164233954285647,0.145281784331936,0.152667842803769,0.142105715618089,0,0.1939446328686,0.127503216256408,0.241401141336322,0.13558242277414,0.191793323622181,0.20178871275688,0.159214969079119,0.169511686919449,0.128664262864682,0.257320740227164,0.168245861491417,0.127738041325501,0.146478254469427,0.169499590775723,0.142670216059268,0.139049858517907,0.250890244294236,0.158101886350017,0.215718002621026,0.128426076451007,0.193543319710963,0.118729544964409,0.172530632233311,0.192882954239591,0.215672210326121,0.177226991549907,0.247395351667509,0.163653715722966,0.251469903645077,0.148363784999496,0.244393217667386,0.286265539721679,0.31318122250046,0.282353861366583,0.180693333002227,0.198140076203091,0.230337857271036,0.152603891859385,0.212149682943509,0.276575979335021,0.263144943315495,0.165301995379681,0.186745234547472,0.235450220815103,0.281965767395395,0.168829186731865,0.278458718105455,0.178597723128227,0.199087447438104,0.173390788244667,0.358398436236166,0.225126212041943,0.262030041463853,0.209109745444028,0.217334204775039,0.191042247415882,0.25098424217847,0.292715273571596,0.192766736343219,0.211684671311785,0.376014016406032,0.194452731620158,0.220061028607821,0.241022586913256,0.156746443750327,0.238498092064989,0.129574245844942,0.19910597788161,0.197644840654296,0.259297227424495,0.247031125748749,0.228966383045097,0.241057784968855,0.388965750349059,0.359190461234161,0.187695844832186,0.290075787294916,0.131109992042771,0.197160325377256,0.177726159302909,0.232220072700236,0.184728534709168,0.18306441597859
"hdz-101",0.120545537093222,0.164836913699226,0.128666817660595,0.137794661754264,0.191521614721932,0.173174280601177,0.146314229852315,0.181727830755657,0.168473860211583,0.176470472769187,0.159134997564221,0.140606153359861,0.142339128357992,0.147316375407165,0.139076504894139,0.133658770013279,0.134592505454651,0.1939446328686,0,0.137666136147264,0.156541563059324,0.167518286848438,0.116066604073225,0.138694083079217,0.141791284628073,0.1589658519888,0.173268764218429,0.244340677985743,0.175956475187287,0.217318914655041,0.155680435349957,0.180014650336585,0.177773822106108,0.137884259434254,0.269637143429339,0.157956966928232,0.209863166983224,0.167516065064364,0.12712180945979,0.15613977026943,0.125440419819295,0.153581543895816,0.134800198673511,0.173553681416861,0.234217107681182,0.160919269731522,0.189217483017569,0.150003374328346,0.200006293798731,0.309908043233957,0.294611965410549,0.2693233205525,0.188462071835033,0.180478229066868,0.22302506878305,0.168936265026883,0.176934076039941,0.271351583083669,0.239798017979773,0.141012042316136,0.141528655952809,0.192100555784811,0.277380230757821,0.177964416793314,0.258988488606699,0.179628823375875,0.206633924221759,0.129714758058314,0.307498913255847,0.144489272615498,0.260310530451378,0.187303415958089,0.215612596792433,0.175430305351119,0.219257125465316,0.218823299305798,0.206946825071675,0.181196089400549,0.355007948111024,0.144735869957279,0.150258203104169,0.237332802276196,0.133951315701967,0.223883459706446,0.16728916541828,0.173069362664019,0.168668621743554,0.181371674581581,0.20630995980614,0.199715990391056,0.25812584569041,0.389684620155146,0.354280868270593,0.138254167000545,0.249720184045392,0.191681146773803,0.135770749428899,0.165937487127909,0.199153704054286,0.181641337030155,0.205602329419864
"hdz-096",0.115178208019448,0.189139749762822,0.101564360728028,0.174195121033859,0.156501549418829,0.157827869769844,0.126536047645005,0.175799129973983,0.107815643711352,0.1699426990222,0.130209199311497,0.113823645311792,0.0965282930942152,0.124768455446251,0.1056299332928,0.130301147152061,0.088584285900671,0.127503216256408,0.137666136147264,0,0.172960082240332,0.116210374404405,0.160551832262705,0.1435804067823,0.122488530977203,0.131567903611601,0.131804412527655,0.231945112321235,0.150774073608717,0.145682076869254,0.109149753056233,0.156631080054785,0.131029823421742,0.0713723535987893,0.24996917261872,0.13467462769191,0.211830102555432,0.112425897125683,0.135232041457978,0.106482636015079,0.142729888405836,0.138551466419678,0.138142399801965,0.140779723781823,0.22504533612236,0.172051490986052,0.233593565817919,0.0981739692838546,0.197613328311788,0.30909470612412,0.332763066113231,0.280550238087533,0.162853755519915,0.180231715259769,0.210501432750895,0.111927704605866,0.178717062469358,0.265717579975695,0.246008826179522,0.11976415938968,0.124694623969581,0.201099983569163,0.276628994277698,0.168310288731099,0.270710947201964,0.180613720435725,0.191402667597271,0.137067466322716,0.331561879730661,0.167456200478114,0.24756468312604,0.202023708885486,0.187351140605097,0.165641392599697,0.24870157186251,0.27350610399315,0.176366759551917,0.18750475115606,0.384710181629118,0.158391769391801,0.191131970986244,0.22689079455537,0.120830964024257,0.21177048273244,0.118900454988179,0.179843495522334,0.155175606713088,0.236480093532249,0.221378148726894,0.193540725956954,0.223139363145039,0.396460784648526,0.374380714452521,0.139430003322955,0.264394836343282,0.120124990505031,0.125941522508724,0.168285693547823,0.218647266566637,0.158856706214372,0.164592511319944
"hdz-106",0.192745661103239,0.254258981415621,0.170523161161821,0.180690692004113,0.238813645302055,0.226500703926977,0.207929918673485,0.256991170788768,0.185896909171742,0.168980067635448,0.163607655400786,0.133599850031018,0.21401937840522,0.225048166879215,0.155316950597784,0.192860318252257,0.185956007659877,0.241401141336322,0.156541563059324,0.172960082240332,0,0.17180708821139,0.186295749136739,0.131514016679653,0.142191225910993,0.220449683906391,0.236134838666304,0.303687204227294,0.23431573863128,0.236144338642979,0.206558640650191,0.220600788800313,0.232155886102974,0.174226612847504,0.314700637195078,0.174641339530411,0.171897215634282,0.164418971093064,0.102245838532622,0.206696460908477,0.188639199886146,0.107260279950741,0.119922125684399,0.14424249506101,0.165395029843388,0.150147048012767,0.252007393332647,0.162329933366537,0.123614959044219,0.344892688956097,0.335091886230966,0.333266534399856,0.242311639359762,0.273154874111849,0.314262819465866,0.235698281125098,0.244792428624111,0.315974575018564,0.305071553906834,0.204389945419849,0.160945553960658,0.243386463089274,0.317155599540721,0.207568460177035,0.343905936745753,0.280626999353297,0.29498889078033,0.17752412974842,0.324015386174845,0.219572723117029,0.334808293052851,0.255711826938916,0.278535584987834,0.246941070787343,0.30748595622156,0.299132423214559,0.278421359362107,0.258371374063654,0.368474108049297,0.215262657993531,0.261957454617799,0.30287939925221,0.159984882302194,0.310811035251908,0.218688423783828,0.259362136363621,0.237888536694701,0.270974405615379,0.291169182177538,0.24949405599903,0.307723447331706,0.415374456989167,0.384129123098437,0.184868703792151,0.306396967523954,0.225267533919696,0.150686586618392,0.235135161150859,0.275990203783413,0.259865832769809,0.279927388583151
